2 0.5073170731707317 0.12439024390243902 0.32195121951219513 0.24878048780487805
2 0.6414634146341464 0.15 0.05365853658536585 0.3
0 0.25121951219512195 0.09024390243902439 0.36097560975609755 0.18048780487804877
2 0.18658536585365854 0.08170731707317073 0.37317073170731707 0.16341463414634147
2 0.5317073170731708 0.3207317073170732 0.2731707317073171 0.1975609756097561
0 0.18536585365853658 0.2451219512195122 0.37073170731707317 0.348780487804878
2 0.7792682926829269 0.2097560975609756 0.22195121951219512 0.4195121951219512
0 0.8341463414634146 0.2097560975609756 0.33170731707317075 0.4195121951219512
2 0.5817073170731707 0.5975609756097561 0.17317073170731706 0.35609756097560974
0 0.2304878048780488 0.5231707317073171 0.4609756097560976 0.2073170731707317
2 0.19878048780487806 0.7939024390243903 0.3975609756097561 0.4121951219512195
2 0.7951219512195122 0.7219512195121951 0.25365853658536586 0.5560975609756098