2 0.1751269035532995 0.1649746192893401 0.350253807106599 0.3299492385786802
2 0.6776649746192893 0.048223350253807105 0.4010152284263959 0.09644670050761421
2 0.4619289340101523 0.27411167512690354 0.1065989847715736 0.1116751269035533
0 0.5748730964467005 0.2969543147208122 0.2512690355329949 0.06598984771573604
0 0.9073604060913706 0.2182741116751269 0.18527918781725888 0.2233502538071066
2 0.33756345177664976 0.4631979695431472 0.14213197969543148 0.26649746192893403
0 0.5114213197969543 0.3616751269035533 0.20558375634517767 0.06345177664974619
0 0.6954314720812182 0.3883248730964467 0.30456852791878175 0.116751269035533
0 0.8604060913705583 0.4010152284263959 0.17766497461928935 0.14213197969543148
2 0.5913705583756346 0.6928934010152284 0.36548223350253806 0.6142131979695431
0 0.4352791878172589 0.6649746192893401 0.0532994923857868 0.6700507614213198
2 0.7791878172588832 0.9467005076142132 0.3299492385786802 0.1065989847715736