2 0.3522167487684729 0.2561576354679803 0.37438423645320196 0.26108374384236455
2 0.31896551724137934 0.10714285714285714 0.4408866995073892 0.21428571428571427
0 0.4224137931034483 0.5923645320197044 0.23399014778325122 0.07142857142857142
2 0.09729064039408868 0.22536945812807882 0.19458128078817735 0.312807881773399
2 0.2019704433497537 0.5800492610837439 0.09852216748768473 0.0960591133004926
0 0.7660098522167488 0.06527093596059114 0.43842364532019706 0.13054187192118227
0 0.7426108374384236 0.4002463054187192 0.4064039408866995 0.33251231527093594
0 0.9445812807881774 0.14285714285714285 0.11083743842364532 0.270935960591133
0 0.9088669950738916 0.43596059113300495 0.18226600985221675 0.3842364532019704
2 0.45073891625615764 0.75 0.17733990147783252 0.2438423645320197
0 0.2044334975369458 0.7857142857142857 0.4088669950738916 0.31527093596059114
2 0.2512315270935961 0.9347290640394089 0.5024630541871922 0.13054187192118227
2 0.9076354679802956 0.9261083743842364 0.18472906403940886 0.1477832512315271
0 0.7278325123152709 0.9655172413793104 0.30295566502463056 0.06896551724137931