2 0.2548780487804878 0.55 0.5097560975609756 0.275609756097561
2 0.4195121951219512 0.3902439024390244 0.18048780487804877 0.14146341463414633
0 0.2548780487804878 0.2597560975609756 0.5097560975609756 0.5195121951219512
0 0.7548780487804878 0.374390243902439 0.4902439024390244 0.6268292682926829
2 0.7548780487804878 0.16097560975609757 0.4902439024390244 0.32195121951219513
2 0.0951219512195122 0.8524390243902439 0.1902439024390244 0.24634146341463414
0 0.3439024390243902 0.8134146341463414 0.33170731707317075 0.25121951219512195
0 0.6317073170731707 0.9048780487804878 0.24390243902439024 0.17073170731707318
0 0.6158536585365854 0.8182926829268292 0.1951219512195122 0.1048780487804878
0 0.6195121951219512 0.776829268292683 0.21951219512195122 0.11463414634146342
0 0.7975609756097561 0.7804878048780488 0.2682926829268293 0.18536585365853658