2 0.40318627450980393 0.0784313725490196 0.25245098039215685 0.1568627450980392
2 0.13970588235294118 0.32107843137254904 0.27941176470588236 0.21568627450980393
2 0.8700980392156863 0.21446078431372548 0.25980392156862747 0.42892156862745096
2 0.3602941176470588 0.5245098039215687 0.28921568627450983 0.19117647058823528
2 0.3321078431372549 0.8504901960784313 0.2818627450980392 0.29901960784313725
2 0.13357843137254902 0.7095588235294118 0.26715686274509803 0.2867647058823529
2 0.1053921568627451 0.5024509803921569 0.2107843137254902 0.14705882352941177
0 0.06862745098039216 0.8921568627450981 0.13725490196078433 0.21568627450980393
2 0.44362745098039214 0.6605392156862745 0.1715686274509804 0.16911764705882354
0 0.8590686274509803 0.5551470588235294 0.2818627450980392 0.25245098039215685
2 0.8492647058823529 0.9080882352941176 0.3014705882352941 0.18382352941176472
2 0.6323529411764706 0.5245098039215687 0.20588235294117646 0.19117647058823528