2 0.4502551020408163 0.2767857142857143 0.2576530612244898 0.20153061224489796
2 0.29846938775510207 0.31505102040816324 0.14795918367346939 0.125
0 0.7219387755102041 0.13010204081632654 0.2857142857142857 0.2602040816326531
2 0.8966836734693877 0.2512755102040816 0.2066326530612245 0.25255102040816324
0 0.7244897959183674 0.29081632653061223 0.29081632653061223 0.17346938775510204
2 0.4744897959183674 0.5459183673469388 0.20918367346938777 0.336734693877551
2 0.09948979591836735 0.625 0.1989795918367347 0.3163265306122449
0 0.4732142857142857 0.8201530612244898 0.21173469387755103 0.3596938775510204
2 0.21683673469387754 0.8558673469387755 0.4336734693877551 0.288265306122449
0 0.9604591836734694 0.514030612244898 0.07908163265306123 0.2729591836734694
2 0.7895408163265306 0.5420918367346939 0.42091836734693877 0.32908163265306123
0 0.7895408163265306 0.8214285714285714 0.42091836734693877 0.35714285714285715