2 0.044902912621359224 0.3337378640776699 0.08980582524271845 0.20631067961165048
0 0.1953883495145631 0.2657766990291262 0.3276699029126214 0.5315533980582524
0 0.1783980582524272 0.5109223300970874 0.308252427184466 0.11407766990291263
2 0.5024271844660194 0.06067961165048544 0.27184466019417475 0.12135922330097088
2 0.40048543689320387 0.30218446601941745 0.0825242718446602 0.4830097087378641
2 0.46116504854368934 0.32038834951456313 0.20388349514563106 0.46601941747572817
0 0.8907766990291263 0.32402912621359226 0.21844660194174756 0.41019417475728154
0 0.6929611650485437 0.3191747572815534 0.41262135922330095 0.46359223300970875
2 0.3106796116504854 0.8713592233009708 0.0970873786407767 0.25728155339805825
0 0.6589805825242718 0.8191747572815534 0.10436893203883495 0.1383495145631068
2 0.7281553398058253 0.8919902912621359 0.10922330097087378 0.20145631067961164
0 0.7985436893203883 0.9308252427184466 0.11165048543689321 0.1383495145631068