2 0.20320197044334976 0.038177339901477834 0.4064039408866995 0.07635467980295567
0 0.4002463054187192 0.16379310344827586 0.0960591133004926 0.3275862068965517
2 0.8990147783251231 0.1416256157635468 0.2019704433497537 0.22413793103448276
2 0.1022167487684729 0.7931034482758621 0.2044334975369458 0.41379310344827586
2 0.08866995073891626 0.5738916256157636 0.17733990147783252 0.49261083743842365
0 0.2832512315270936 0.7635467980295566 0.33004926108374383 0.39408866995073893
0 0.3448275862068966 0.9556650246305419 0.18719211822660098 0.08866995073891626
0 0.5763546798029556 0.4421182266009852 0.2561576354679803 0.229064039408867
0 0.5948275862068966 0.6391625615763546 0.29310344827586204 0.4605911330049261
2 0.6022167487684729 0.9002463054187192 0.3078817733990148 0.19950738916256158
0 0.9211822660098522 0.47167487684729065 0.15763546798029557 0.2881773399014778
0 0.8608374384236454 0.8238916256157636 0.27832512315270935 0.24876847290640394