2 0.39285714285714285 0.11083743842364532 0.13054187192118227 0.22167487684729065
0 0.29679802955665024 0.1145320197044335 0.3226600985221675 0.229064039408867
2 0.09852216748768473 0.12192118226600986 0.19704433497536947 0.2438423645320197
2 0.35591133004926107 0.3497536945812808 0.2044334975369458 0.30049261083743845
0 0.2623152709359606 0.35714285714285715 0.2536945812807882 0.2857142857142857
2 0.08990147783251232 0.39039408866995073 0.17980295566502463 0.21921182266009853
0 0.5517241379310345 0.1625615763546798 0.18719211822660098 0.3251231527093596
0 0.29802955665024633 0.7130541871921182 0.31527093596059114 0.42610837438423643
2 0.16009852216748768 0.6834975369458128 0.19704433497536947 0.2832512315270936
0 0.9470443349753694 0.7610837438423645 0.10591133004926108 0.47783251231527096
0 0.6527093596059114 0.7635467980295566 0.3891625615763547 0.4729064039408867
2 0.8485221674876847 0.8657635467980296 0.2832512315270936 0.2684729064039409