2 0.047435897435897434 0.1782051282051282 0.09487179487179487 0.20256410256410257
2 0.1371794871794872 0.38076923076923075 0.2743589743589744 0.45384615384615384
2 0.2641025641025641 0.03333333333333333 0.26153846153846155 0.06666666666666667
0 0.28205128205128205 0.2064102564102564 0.3717948717948718 0.2743589743589744
2 0.2846153846153846 0.3269230769230769 0.27692307692307694 0.18205128205128204
2 0.6025641025641025 0.35 0.18974358974358974 0.2641025641025641
2 0.573076923076923 0.1987179487179487 0.13076923076923078 0.1358974358974359
0 0.7538461538461538 0.12692307692307692 0.49230769230769234 0.25384615384615383
0 0.1346153846153846 0.6961538461538461 0.2692307692307692 0.17692307692307693
2 0.20897435897435898 0.8 0.3076923076923077 0.1794871794871795
2 0.7538461538461538 0.7371794871794872 0.49230769230769234 0.258974358974359
2 0.7538461538461538 0.8294871794871795 0.49230769230769234 0.34102564102564104