2 0.14473684210526316 0.06710526315789474 0.2894736842105263 0.13421052631578947
2 0.14868421052631578 0.29605263157894735 0.29736842105263156 0.37105263157894736
2 0.5328947368421053 0.2618421052631579 0.32894736842105265 0.5236842105263158
2 0.6013157894736842 0.5763157894736842 0.2026315789473684 0.1631578947368421
0 0.8473684210526315 0.36973684210526314 0.30526315789473685 0.24473684210526317
2 0.843421052631579 0.5684210526315789 0.2868421052631579 0.17894736842105263
0 0.8907894736842106 0.5644736842105263 0.21842105263157896 0.1868421052631579
0 0.18421052631578946 0.8289473684210527 0.3684210526315789 0.34210526315789475
0 0.38552631578947366 0.8131578947368421 0.034210526315789476 0.3105263157894737
0 0.6710526315789473 0.7315789473684211 0.4842105263157895 0.14736842105263157
2 0.7552631578947369 0.743421052631579 0.3157894736842105 0.17105263157894737
2 0.9592105263157895 0.8657894736842106 0.08157894736842106 0.1368421052631579