2 0.21390374331550802 0.3449197860962567 0.42780748663101603 0.6898395721925134
2 0.3502673796791444 0.3449197860962567 0.15508021390374332 0.6898395721925134
0 0.058823529411764705 0.25935828877005346 0.11764705882352941 0.5187165775401069
2 0.8529411764705882 0.23529411764705882 0.29411764705882354 0.35294117647058826
0 0.7580213903743316 0.19786096256684493 0.4839572192513369 0.39572192513368987
2 0.5240641711229946 0.17379679144385027 0.1925133689839572 0.34759358288770054
2 0.7847593582887701 0.5147058823529411 0.4304812834224599 0.3502673796791444
0 0.5909090909090909 0.5106951871657754 0.2887700534759358 0.3582887700534759
0 0.21390374331550802 0.8449197860962567 0.42780748663101603 0.31016042780748665
0 0.9478609625668449 0.8449197860962567 0.10427807486631016 0.31016042780748665
0 0.5855614973262032 0.8449197860962567 0.3155080213903743 0.31016042780748665