2 0.33883248730964466 0.11421319796954314 0.33756345177664976 0.22842639593908629
2 0.1116751269035533 0.07868020304568528 0.2233502538071066 0.15736040609137056
0 0.5126903553299492 0.15101522842639595 0.1319796954314721 0.3020304568527919
2 0.13071065989847716 0.24873096446700507 0.2614213197969543 0.27918781725888325
2 0.6434010152284264 0.33375634517766495 0.10913705583756345 0.10913705583756345
2 0.41243654822335024 0.48984771573604063 0.33248730964467005 0.20304568527918782
2 0.12436548223350254 0.7017766497461929 0.24873096446700507 0.5964467005076142
0 0.3565989847715736 0.7829949238578681 0.44416243654822335 0.434010152284264
2 0.24873096446700507 0.7728426395939086 0.25888324873096447 0.4543147208121827
0 0.751269035532995 0.5824873096446701 0.34517766497461927 0.3883248730964467
0 0.9098984771573604 0.6154822335025381 0.1802030456852792 0.4543147208121827
2 0.700507614213198 0.8413705583756346 0.2436548223350254 0.31725888324873097
2 0.866751269035533 0.8857868020304569 0.26649746192893403 0.22842639593908629