2 0.21794871794871795 0.25 0.4358974358974359 0.5
2 0.0858974358974359 0.25384615384615383 0.1717948717948718 0.4666666666666667
2 0.5512820512820513 0.2717948717948718 0.11282051282051282 0.37948717948717947
0 0.47692307692307695 0.2358974358974359 0.24102564102564103 0.46153846153846156
2 0.3217948717948718 0.5666666666666667 0.4128205128205128 0.24615384615384617
0 0.6564102564102564 0.19230769230769232 0.09743589743589744 0.38461538461538464
2 0.7846153846153846 0.2743589743589744 0.15384615384615385 0.2948717948717949
2 0.21794871794871795 0.7435897435897436 0.4358974358974359 0.1076923076923077
2 0.33974358974358976 0.8705128205128205 0.5358974358974359 0.258974358974359
2 0.8038461538461539 0.8448717948717949 0.3923076923076923 0.31025641025641026
2 0.8064102564102564 0.9628205128205128 0.3871794871794872 0.07435897435897436