2 0.27450980392156865 0.07965686274509803 0.5490196078431373 0.15931372549019607
0 0.15441176470588236 0.24509803921568626 0.27941176470588236 0.3284313725490196
2 0.41544117647058826 0.22916666666666666 0.26715686274509803 0.3602941176470588
0 0.7745098039215687 0.20465686274509803 0.45098039215686275 0.40931372549019607
2 0.49754901960784315 0.5183823529411765 0.10294117647058823 0.2181372549019608
2 0.07965686274509803 0.5171568627450981 0.15931372549019607 0.21568627450980393
0 0.18382352941176472 0.5686274509803921 0.24019607843137256 0.31862745098039214
2 0.4424019607843137 0.8125 0.21323529411764705 0.375
2 0.21568627450980393 0.8345588235294118 0.43137254901960786 0.33088235294117646
0 0.8480392156862745 0.5379901960784313 0.30392156862745096 0.25735294117647056
2 0.9325980392156863 0.8480392156862745 0.13480392156862744 0.30392156862745096