2 0.01951219512195122 0.09024390243902439 0.03902439024390244 0.18048780487804877
2 0.15365853658536585 0.2926829268292683 0.3073170731707317 0.2146341463414634
2 0.6109756097560975 0.06585365853658537 0.25609756097560976 0.13170731707317074
0 0.6780487804878049 0.2890243902439024 0.12195121951219512 0.22195121951219512
2 0.6146341463414634 0.2646341463414634 0.24878048780487805 0.2707317073170732
2 0.5060975609756098 0.7 0.4658536585365854 0.6
0 0.18536585365853658 0.6695121951219513 0.37073170731707317 0.5390243902439025
0 0.8 0.65 0.12195121951219512 0.36341463414634145
0 0.7719512195121951 0.7182926829268292 0.06585365853658537 0.20243902439024392
0 0.7865853658536586 0.5097560975609756 0.0951219512195122 0.21951219512195122
0 0.8304878048780487 0.9304878048780488 0.18292682926829268 0.13902439024390245
0 0.9146341463414634 0.697560975609756 0.17073170731707318 0.33170731707317075
0 0.8939024390243903 0.4878048780487805 0.2121951219512195 0.17560975609756097