2 0.18872549019607843 0.05269607843137255 0.35294117647058826 0.1053921568627451
2 0.18382352941176472 0.19975490196078433 0.3553921568627451 0.20098039215686275
0 0.45588235294117646 0.14460784313725492 0.22549019607843138 0.28921568627450983
0 0.8308823529411765 0.20098039215686275 0.3382352941176471 0.25
2 0.11519607843137254 0.5526960784313726 0.23039215686274508 0.34558823529411764
0 0.11151960784313726 0.8492647058823529 0.22303921568627452 0.3014705882352941
0 0.4497549019607843 0.8431372549019608 0.23774509803921567 0.3137254901960784
0 0.6752450980392157 0.4877450980392157 0.21323529411764705 0.21568627450980393
0 0.6715686274509803 0.7671568627450981 0.20588235294117646 0.18137254901960784
2 0.6176470588235294 0.9166666666666666 0.09803921568627451 0.16666666666666666
0 0.8799019607843137 0.6200980392156863 0.24019607843137256 0.4803921568627451
2 0.8823529411764706 0.8946078431372549 0.23529411764705882 0.2107843137254902