2 0.21568627450980393 0.2647058823529412 0.30392156862745096 0.12745098039215685
2 0.28431372549019607 0.09926470588235294 0.16666666666666666 0.19852941176470587
0 0.2708333333333333 0.19117647058823528 0.19362745098039216 0.27450980392156865
2 0.08823529411764706 0.18504901960784315 0.17647058823529413 0.2867647058823529
0 0.13602941176470587 0.04779411764705882 0.27205882352941174 0.09558823529411764
2 0.8100490196078431 0.18627450980392157 0.3799019607843137 0.28431372549019607
0 0.5232843137254902 0.2855392156862745 0.2181372549019608 0.0857843137254902
0 0.19240196078431374 0.7549019607843137 0.35049019607843135 0.49019607843137253
0 0.18382352941176472 0.4852941176470588 0.36764705882352944 0.3137254901960784
2 0.6568627450980392 0.883578431372549 0.5784313725490197 0.23284313725490197
0 0.9534313725490197 0.47058823529411764 0.09313725490196079 0.28431372549019607
2 0.6299019607843137 0.4840686274509804 0.5245098039215687 0.3112745098039216