2 0.07425742574257425 0.1373762376237624 0.1485148514851485 0.2747524752475248
2 0.20915841584158415 0.12252475247524752 0.4183168316831683 0.24504950495049505
2 0.13985148514851486 0.3688118811881188 0.27970297029702973 0.2376237623762376
2 0.4839108910891089 0.25495049504950495 0.1311881188118812 0.39603960396039606
2 0.6113861386138614 0.20915841584158415 0.2698019801980198 0.38366336633663367
2 0.5816831683168316 0.039603960396039604 0.2079207920792079 0.07920792079207921
0 0.7982673267326733 0.1745049504950495 0.4034653465346535 0.349009900990099
0 0.6175742574257426 0.4158415841584158 0.39851485148514854 0.14356435643564355
2 0.20915841584158415 0.5668316831683168 0.4183168316831683 0.15841584158415842
2 0.24133663366336633 0.7660891089108911 0.35396039603960394 0.46782178217821785
0 0.5816831683168316 0.7438118811881188 0.32673267326732675 0.5123762376237624