2 0.1806930693069307 0.1806930693069307 0.3613861386138614 0.3613861386138614
2 0.22524752475247525 0.33292079207920794 0.4504950495049505 0.2698019801980198
2 0.7995049504950495 0.10891089108910891 0.400990099009901 0.21782178217821782
2 0.7178217821782178 0.2896039603960396 0.2376237623762376 0.31683168316831684
0 0.8873762376237624 0.2957920792079208 0.22524752475247525 0.25
2 0.12871287128712872 0.7339108910891089 0.25742574257425743 0.5321782178217822
2 0.19925742574257427 0.9207920792079208 0.39851485148514854 0.15841584158415842
2 0.35148514851485146 0.5445544554455446 0.4900990099009901 0.15346534653465346
0 0.43935643564356436 0.8886138613861386 0.3193069306930693 0.22277227722772278
2 0.7351485148514851 0.6386138613861386 0.2722772277227723 0.3415841584158416
0 0.7957920792079208 0.8193069306930693 0.3935643564356436 0.3613861386138614
2 0.9405940594059405 0.7970297029702971 0.1188118811881188 0.40594059405940597