2 0.23529411764705882 0.35049019607843135 0.10784313725490197 0.19607843137254902
0 0.821078431372549 0.030637254901960783 0.25 0.061274509803921566
2 0.7230392156862745 0.1090686274509804 0.13725490196078433 0.2181372549019608
2 0.5379901960784313 0.10416666666666667 0.09068627450980392 0.20833333333333334
2 0.7659313725490197 0.32598039215686275 0.4681372549019608 0.24509803921568626
2 0.44485294117647056 0.32107843137254904 0.3112745098039216 0.2549019607843137
2 0.19117647058823528 0.6556372549019608 0.19607843137254902 0.41421568627450983
2 0.1556372549019608 0.9154411764705882 0.26715686274509803 0.16911764705882354
0 0.8443627450980392 0.5220588235294118 0.3112745098039216 0.14705882352941177
2 0.5122549019607843 0.5183823529411765 0.44607843137254904 0.13970588235294118
0 0.8431372549019608 0.7904411764705882 0.3137254901960784 0.41911764705882354
0 0.5992647058823529 0.7867647058823529 0.3014705882352941 0.4264705882352941