2 0.2623762376237624 0.24628712871287128 0.17326732673267325 0.49257425742574257
2 0.027227722772277228 0.4900990099009901 0.054455445544554455 0.1782178217821782
2 0.8205445544554455 0.10396039603960396 0.16336633663366337 0.19801980198019803
0 0.4319306930693069 0.1905940594059406 0.16584158415841585 0.3811881188118812
0 0.8254950495049505 0.3564356435643564 0.349009900990099 0.504950495049505
0 0.5717821782178217 0.41955445544554454 0.44554455445544555 0.3787128712871287
2 0.07673267326732673 0.7103960396039604 0.15346534653465346 0.20297029702970298
2 0.49133663366336633 0.7165841584158416 0.28465346534653463 0.21534653465346534
0 0.49133663366336633 0.7215346534653465 0.28465346534653463 0.22524752475247525
0 0.8155940594059405 0.8106435643564357 0.3688118811881188 0.3787128712871287
0 0.5371287128712872 0.8650990099009901 0.37623762376237624 0.2698019801980198