0 0.22727272727272727 0.42379679144385024 0.44919786096256686 0.22727272727272727
0 0.536096256684492 0.20855614973262032 0.2807486631016043 0.21657754010695188
0 0.05481283422459893 0.15508021390374332 0.10962566844919786 0.31016042780748665
0 0.8689839572192514 0.22994652406417113 0.2620320855614973 0.45989304812834225
2 0.8689839572192514 0.34358288770053474 0.2620320855614973 0.3877005347593583
0 0.5454545454545454 0.7754010695187166 0.3850267379679144 0.44919786096256686
2 0.24331550802139038 0.6524064171122995 0.4117647058823529 0.22459893048128343
0 0.22459893048128343 0.7901069518716578 0.42780748663101603 0.3342245989304813
0 0.8689839572192514 0.9278074866310161 0.2620320855614973 0.1443850267379679
2 0.8689839572192514 0.8943850267379679 0.2620320855614973 0.21122994652406418
0 0.8689839572192514 0.7232620320855615 0.2620320855614973 0.3716577540106952