0 0.5048780487804878 0.4268292682926829 0.32682926829268294 0.2926829268292683
0 0.5134146341463415 0.10121951219512196 0.3097560975609756 0.20243902439024392
0 0.16341463414634147 0.3170731707317073 0.32682926829268294 0.23414634146341465
2 0.01097560975609756 0.4524390243902439 0.02195121951219512 0.3146341463414634
2 0.15121951219512195 0.12560975609756098 0.3024390243902439 0.25121951219512195
0 0.8658536585365854 0.44146341463414634 0.2682926829268293 0.33658536585365856
0 0.925609756097561 0.12682926829268293 0.14878048780487804 0.25365853658536586
2 0.751219512195122 0.4036585365853659 0.16585365853658537 0.4121951219512195
2 0.5939024390243902 0.8048780487804879 0.14878048780487804 0.3902439024390244
0 0.2646341463414634 0.9134146341463415 0.5292682926829269 0.17317073170731706
0 0.9402439024390243 0.8048780487804879 0.11951219512195121 0.3902439024390244
0 0.8146341463414634 0.6853658536585366 0.2926829268292683 0.15121951219512195