2 0.06447368421052632 0.18947368421052632 0.12894736842105264 0.35789473684210527
0 0.3592105263157895 0.20394736842105263 0.3605263157894737 0.32894736842105265
2 0.7697368421052632 0.18421052631578946 0.3815789473684211 0.3684210526315789
0 0.26842105263157895 0.4105263157894737 0.531578947368421 0.08421052631578947
0 0.26973684210526316 0.7026315789473684 0.5394736842105263 0.5947368421052631
2 0.0868421052631579 0.7 0.1736842105263158 0.6
2 0.6578947368421053 0.3881578947368421 0.12105263157894737 0.039473684210526314
0 0.9368421052631579 0.4486842105263158 0.12631578947368421 0.16052631578947368
0 0.7776315789473685 0.6828947368421052 0.15526315789473685 0.36578947368421055
2 0.7710526315789473 0.9144736842105263 0.23157894736842105 0.17105263157894737
2 0.9368421052631579 0.7671052631578947 0.12631578947368421 0.46578947368421053