2 0.25128865979381443 0.16881443298969073 0.15721649484536082 0.33762886597938147
2 0.22551546391752578 0.4007731958762887 0.20876288659793815 0.15721649484536082
0 0.09149484536082474 0.4213917525773196 0.18298969072164947 0.11597938144329897
0 0.45103092783505155 0.09536082474226804 0.2422680412371134 0.19072164948453607
2 0.9278350515463918 0.03994845360824742 0.14432989690721648 0.07989690721649484
2 0.5889175257731959 0.31443298969072164 0.2603092783505155 0.32989690721649484
0 0.5425257731958762 0.30927835051546393 0.4252577319587629 0.3402061855670103
0 0.8853092783505154 0.2925257731958763 0.22938144329896906 0.37371134020618557
0 0.16494845360824742 0.6572164948453608 0.32989690721649484 0.3556701030927835
0 0.14432989690721648 0.8969072164948454 0.28865979381443296 0.20618556701030927
2 0.24613402061855671 0.8298969072164949 0.16752577319587628 0.3402061855670103
2 0.6701030927835051 0.5283505154639175 0.1958762886597938 0.0979381443298969
0 0.7525773195876289 0.5451030927835051 0.15463917525773196 0.10309278350515463
2 0.9226804123711341 0.7474226804123711 0.15463917525773196 0.5051546391752577
0 0.6739690721649485 0.7525773195876289 0.6520618556701031 0.4948453608247423