2 0.13392857142857142 0.30994897959183676 0.26785714285714285 0.6198979591836735
0 0.8558673469387755 0.23214285714285715 0.288265306122449 0.2193877551020408
2 0.7997448979591837 0.042091836734693876 0.34438775510204084 0.08418367346938775
2 0.7678571428571429 0.17857142857142858 0.27040816326530615 0.3112244897959184
0 0.8112244897959183 0.17346938775510204 0.37755102040816324 0.3469387755102041
2 0.45790816326530615 0.18494897959183673 0.38010204081632654 0.36989795918367346
0 0.42091836734693877 0.5344387755102041 0.30612244897959184 0.17091836734693877
0 0.5867346938775511 0.4897959183673469 0.1377551020408163 0.2602040816326531
2 0.13392857142857142 0.9056122448979592 0.26785714285714285 0.18877551020408162
2 0.13392857142857142 0.7193877551020408 0.26785714285714285 0.1989795918367347
0 0.8992346938775511 0.7321428571428571 0.1913265306122449 0.22448979591836735
0 0.4375 0.8099489795918368 0.3392857142857143 0.38010204081632654