0 0.07920792079207921 0.06930693069306931 0.15841584158415842 0.13861386138613863
2 0.2660891089108911 0.21163366336633663 0.5321782178217822 0.2747524752475248
2 0.7995049504950495 0.15717821782178218 0.400990099009901 0.31435643564356436
0 0.7673267326732673 0.2896039603960396 0.33663366336633666 0.1188118811881188
0 0.5185643564356436 0.4121287128712871 0.1608910891089109 0.12623762376237624
0 0.43935643564356436 0.7054455445544554 0.3193069306930693 0.5792079207920792
0 0.4962871287128713 0.7103960396039604 0.20544554455445543 0.5594059405940595
2 0.11138613861386139 0.75 0.22277227722772278 0.45544554455445546
0 0.8539603960396039 0.4207920792079208 0.29207920792079206 0.14356435643564355
2 0.6918316831683168 0.4344059405940594 0.18564356435643564 0.1707920792079208
2 0.7995049504950495 0.7487623762376238 0.400990099009901 0.5024752475247525
2 0.6212871287128713 0.5804455445544554 0.04455445544554455 0.20544554455445543