0 0.3216145833333333 0.09635416666666667 0.17447916666666666 0.19270833333333334
0 0.2630208333333333 0.24739583333333334 0.2916666666666667 0.3645833333333333
2 0.296875 0.17578125 0.22395833333333334 0.3515625
0 0.12890625 0.21484375 0.2578125 0.4296875
0 0.80078125 0.06510416666666667 0.3984375 0.13020833333333334
2 0.7265625 0.3450520833333333 0.546875 0.16927083333333334
2 0.47265625 0.3411458333333333 0.12760416666666666 0.17708333333333334
0 0.24348958333333334 0.5533854166666666 0.3307291666666667 0.24739583333333334
0 0.20442708333333334 0.92578125 0.4088541666666667 0.1484375
0 0.057291666666666664 0.6432291666666666 0.11458333333333333 0.4270833333333333
0 0.8359375 0.4973958333333333 0.328125 0.13541666666666666
2 0.7330729166666666 0.8424479166666666 0.5338541666666666 0.3151041666666667
2 0.4778645833333333 0.80859375 0.13802083333333334 0.3828125