2 0.1449468085106383 0.20079787234042554 0.2473404255319149 0.2579787234042553
0 0.3204787234042553 0.0598404255319149 0.375 0.1196808510638298
2 0.7539893617021277 0.1768617021276596 0.4920212765957447 0.3058510638297872
0 0.06515957446808511 0.6861702127659575 0.13031914893617022 0.324468085106383
2 0.12898936170212766 0.4720744680851064 0.2579787234042553 0.2845744680851064
0 0.28856382978723405 0.7792553191489362 0.43882978723404253 0.3404255319148936
0 0.32978723404255317 0.5345744680851063 0.35638297872340424 0.4095744680851064
0 0.601063829787234 0.8843085106382979 0.18617021276595744 0.23138297872340424
2 0.6476063829787234 0.5478723404255319 0.27925531914893614 0.2978723404255319
2 0.8151595744680851 0.910904255319149 0.3377659574468085 0.17819148936170212
0 0.886968085106383 0.550531914893617 0.22606382978723405 0.44148936170212766