2 0.2636138613861386 0.15099009900990099 0.1905940594059406 0.15346534653465346
0 0.26485148514851486 0.2264851485148515 0.18811881188118812 0.2896039603960396
2 0.10024752475247525 0.2524752475247525 0.2004950495049505 0.29207920792079206
0 0.08415841584158416 0.0594059405940594 0.16831683168316833 0.1188118811881188
0 0.8650990099009901 0.09653465346534654 0.2698019801980198 0.19306930693069307
0 0.5829207920792079 0.297029702970297 0.44801980198019803 0.20297029702970298
0 0.46410891089108913 0.09900990099009901 0.2103960396039604 0.19801980198019803
0 0.19554455445544555 0.6992574257425742 0.32673267326732675 0.6014851485148515
2 0.04950495049504951 0.6992574257425742 0.09900990099009901 0.6014851485148515
2 0.8081683168316832 0.9405940594059405 0.38366336633663367 0.1188118811881188
2 0.7524752475247525 0.5866336633663366 0.49504950495049505 0.37623762376237624
2 0.4752475247524752 0.8873762376237624 0.23267326732673269 0.22524752475247525
2 0.4566831683168317 0.6027227722772277 0.19554455445544555 0.4084158415841584