0 0.23886138613861385 0.2685643564356436 0.4777227722772277 0.19554455445544555
2 0.17945544554455445 0.349009900990099 0.25495049504950495 0.0594059405940594
2 0.20173267326732675 0.1051980198019802 0.4034653465346535 0.2103960396039604
0 0.7586633663366337 0.3254950495049505 0.2202970297029703 0.10643564356435643
2 0.8787128712871287 0.050742574257425746 0.24257425742574257 0.10148514851485149
2 0.6051980198019802 0.13366336633663367 0.07178217821782178 0.26732673267326734
0 0.42945544554455445 0.9418316831683168 0.27970297029702973 0.11633663366336634
2 0.4207920792079208 0.8217821782178217 0.297029702970297 0.2524752475247525
2 0.39851485148514854 0.5482673267326733 0.3415841584158416 0.33910891089108913
2 0.050742574257425746 0.823019801980198 0.10148514851485149 0.18564356435643564
0 0.1188118811881188 0.900990099009901 0.2376237623762376 0.19801980198019803
2 0.13366336633663367 0.5655940594059405 0.26732673267326734 0.37376237623762376
0 0.7846534653465347 0.6893564356435643 0.4306930693069307 0.6212871287128713