2 0.16973684210526316 0.3118421052631579 0.3394736842105263 0.3763157894736842
0 0.37236842105263157 0.30657894736842106 0.13421052631578947 0.3868421052631579
2 0.5513157894736842 0.3868421052631579 0.2236842105263158 0.22631578947368422
2 0.8276315789473684 0.0881578947368421 0.3447368421052632 0.1763157894736842
2 0.8223684210526315 0.4 0.32105263157894737 0.1763157894736842
0 0.8381578947368421 0.2710526315789474 0.3236842105263158 0.20526315789473684
0 0.19342105263157894 0.625 0.3868421052631579 0.25
2 0.16842105263157894 0.7289473684210527 0.3368421052631579 0.23684210526315788
0 0.1736842105263158 0.9894736842105263 0.3473684210526316 0.021052631578947368
0 0.5328947368421053 0.6447368421052632 0.1868421052631579 0.14210526315789473
2 0.8657894736842106 0.7697368421052632 0.26842105263157895 0.1394736842105263