2 0.15789473684210525 0.046052631578947366 0.3157894736842105 0.09210526315789473
0 0.4 0.13157894736842105 0.35789473684210527 0.2631578947368421
0 0.3013157894736842 0.26052631578947366 0.5236842105263158 0.21578947368421053
2 0.775 0.18421052631578946 0.39210526315789473 0.3684210526315789
2 0.4131578947368421 0.8118421052631579 0.33157894736842103 0.3763157894736842
0 0.24605263157894736 0.48026315789473684 0.4921052631578947 0.2236842105263158
2 0.2118421052631579 0.5013157894736842 0.4236842105263158 0.25526315789473686
2 0.15263157894736842 0.9210526315789473 0.30526315789473685 0.15789473684210525
0 0.19473684210526315 0.7592105263157894 0.3894736842105263 0.48157894736842105
2 0.8736842105263158 0.618421052631579 0.25263157894736843 0.4631578947368421
0 0.868421052631579 0.6644736842105263 0.2631578947368421 0.27631578947368424
2 0.8052631578947368 0.8592105263157894 0.3894736842105263 0.28157894736842104
0 0.7223684210526315 0.5473684210526316 0.2868421052631579 0.35789473684210527
2 0.6881578947368421 0.5407894736842105 0.21842105263157896 0.3447368421052632
0 0.6605263157894737 0.8157894736842105 0.1631578947368421 0.3684210526315789