2 0.1948529411764706 0.2034313725490196 0.3897058823529412 0.4068627450980392
0 0.5208333333333334 0.12377450980392157 0.2622549019607843 0.24754901960784315
2 0.875 0.34681372549019607 0.25 0.14460784313725492
2 0.8051470588235294 0.08455882352941177 0.3897058823529412 0.16911764705882354
2 0.14950980392156862 0.8014705882352942 0.29901960784313725 0.25980392156862747
0 0.1715686274509804 0.8700980392156863 0.3431372549019608 0.25980392156862747
2 0.13602941176470587 0.6004901960784313 0.27205882352941174 0.3627450980392157
2 0.32965686274509803 0.7867647058823529 0.12009803921568628 0.4264705882352941
0 0.5196078431372549 0.6151960784313726 0.25980392156862747 0.15196078431372548
2 0.5122549019607843 0.5306372549019608 0.24509803921568626 0.22303921568627452
0 0.8161764705882353 0.7193627450980392 0.36764705882352944 0.5612745098039216
0 0.7769607843137255 0.4803921568627451 0.44607843137254904 0.12254901960784313