0 0.193717277486911 0.28272251308900526 0.387434554973822 0.5654450261780105
0 0.2081151832460733 0.5837696335078534 0.4162303664921466 0.13089005235602094
2 0.4489528795811518 0.31544502617801046 0.21727748691099477 0.32722513089005234
0 0.42408376963350786 0.16099476439790575 0.2670157068062827 0.3219895287958115
2 0.7054973821989529 0.506544502617801 0.29581151832460734 0.28534031413612565
2 0.8115183246073299 0.06675392670157068 0.25654450261780104 0.13350785340314136
2 0.9057591623036649 0.5301047120418848 0.18848167539267016 0.23821989528795812
2 0.8808900523560209 0.34424083769633507 0.23821989528795812 0.34293193717277487
2 0.08900523560209424 0.8782722513089005 0.17801047120418848 0.24345549738219896
2 0.3036649214659686 0.7054973821989529 0.5078534031413613 0.112565445026178
2 0.3206806282722513 0.806282722513089 0.4738219895287958 0.31413612565445026
0 0.7787958115183246 0.7185863874345549 0.4424083769633508 0.1387434554973822