2 0.04581151832460733 0.32460732984293195 0.09162303664921466 0.20418848167539266
2 0.07591623036649214 0.3900523560209424 0.1518324607329843 0.19895287958115182
2 0.2643979057591623 0.07460732984293193 0.35602094240837695 0.14921465968586387
0 0.7290575916230366 0.24476439790575916 0.5418848167539267 0.4895287958115183
2 0.11125654450261781 0.8390052356020943 0.22251308900523561 0.3219895287958115
0 0.1505235602094241 0.8350785340314136 0.3010471204188482 0.3298429319371728
2 0.07198952879581152 0.6714659685863874 0.14397905759162305 0.36387434554973824
2 0.2918848167539267 0.7931937172774869 0.3324607329842932 0.41361256544502617
2 0.25392670157068065 0.5431937172774869 0.4083769633507853 0.10732984293193717
2 0.7290575916230366 0.824607329842932 0.5418848167539267 0.3507853403141361
0 0.7290575916230366 0.806282722513089 0.5418848167539267 0.387434554973822
2 0.7133507853403142 0.6073298429319371 0.5104712041884817 0.2356020942408377
0 0.7185863874345549 0.6426701570680629 0.5209424083769634 0.306282722513089