0 0.21212121212121213 0.06060606060606061 0.37373737373737376 0.12121212121212122
2 0.28914141414141414 0.5404040404040404 0.2398989898989899 0.3383838383838384
2 0.04419191919191919 0.17929292929292928 0.08838383838383838 0.20202020202020202
2 0.1414141414141414 0.625 0.2828282828282828 0.1691919191919192
0 0.9053030303030303 0.22474747474747475 0.1893939393939394 0.18686868686868688
2 0.8674242424242424 0.16035353535353536 0.26515151515151514 0.3207070707070707
2 0.9141414141414141 0.46464646464646464 0.1717171717171717 0.4898989898989899
0 0.5404040404040404 0.08964646464646464 0.26262626262626265 0.17929292929292928
2 0.7007575757575758 0.5580808080808081 0.5833333333333334 0.30303030303030304
0 0.22853535353535354 0.7676767676767676 0.3611111111111111 0.11616161616161616
2 0.2601010101010101 0.7992424242424242 0.29797979797979796 0.1691919191919192
0 0.2777777777777778 0.9406565656565656 0.26262626262626265 0.11868686868686869
2 0.07702020202020202 0.8547979797979798 0.15404040404040403 0.2904040404040404
2 0.6944444444444444 0.8547979797979798 0.5707070707070707 0.2904040404040404