2 0.13725490196078433 0.34068627450980393 0.27450980392156865 0.29411764705882354
2 0.19852941176470587 0.10049019607843138 0.27941176470588236 0.20098039215686275
0 0.2193627450980392 0.27818627450980393 0.23774509803921567 0.41911764705882354
2 0.571078431372549 0.0661764705882353 0.46568627450980393 0.1323529411764706
0 0.5441176470588235 0.39950980392156865 0.28921568627450983 0.17647058823529413
2 0.6286764705882353 0.2977941176470588 0.5294117647058824 0.34068627450980393
2 0.9142156862745098 0.28431372549019607 0.1715686274509804 0.4068627450980392
2 0.14215686274509803 0.6531862745098039 0.28431372549019607 0.33088235294117646
0 0.1482843137254902 0.6188725490196079 0.2965686274509804 0.2622549019607843
2 0.16911764705882354 0.8272058823529411 0.3382352941176471 0.34558823529411764
2 0.5649509803921569 0.5465686274509803 0.44362745098039214 0.11764705882352941
0 0.7009803921568627 0.5992647058823529 0.5980392156862745 0.22303921568627452
2 0.6458333333333334 0.9105392156862745 0.3946078431372549 0.17892156862745098
0 0.8149509803921569 0.9056372549019608 0.3700980392156863 0.18872549019607843