0 0.13228155339805825 0.5800970873786407 0.17718446601941748 0.13592233009708737
2 0.22451456310679613 0.25970873786407767 0.44902912621359226 0.5194174757281553
2 0.8555825242718447 0.18567961165048544 0.28883495145631066 0.3713592233009709
2 0.6152912621359223 0.4587378640776699 0.3325242718446602 0.3786407766990291
2 0.625 0.16990291262135923 0.35194174757281554 0.33980582524271846
2 0.3762135922330097 0.8179611650485437 0.14563106796116504 0.2766990291262136
0 0.18446601941747573 0.8240291262135923 0.36893203883495146 0.35194174757281554
0 0.9089805825242718 0.8094660194174758 0.1820388349514563 0.32281553398058255
0 0.6262135922330098 0.8252427184466019 0.34951456310679613 0.34951456310679613
0 0.6953883495145631 0.7973300970873787 0.23300970873786409 0.2645631067961165
2 0.6395631067961165 0.9259708737864077 0.3470873786407767 0.14805825242718446