2 0.24875621890547264 0.28233830845771146 0.31840796019900497 0.5646766169154229
2 0.5087064676616916 0.32213930348258707 0.20149253731343283 0.39552238805970147
2 0.5236318407960199 0.11442786069651742 0.23134328358208955 0.22885572139303484
2 0.5186567164179104 0.5559701492537313 0.22139303482587064 0.2462686567164179
0 0.8009950248756219 0.17412935323383086 0.36318407960199006 0.3482587064676617
2 0.7985074626865671 0.6032338308457711 0.40298507462686567 0.1517412935323383
0 0.16666666666666666 0.7562189054726368 0.3333333333333333 0.15422885572139303
0 0.1691542288557214 0.8855721393034826 0.3383084577114428 0.22885572139303484
2 0.17039800995024876 0.8395522388059702 0.3407960199004975 0.3208955223880597
0 0.33955223880597013 0.845771144278607 0.13681592039800994 0.30845771144278605
0 0.6057213930348259 0.763681592039801 0.39552238805970147 0.1691542288557214
2 0.6853233830845771 0.763681592039801 0.22139303482587064 0.1691542288557214