0 0.3235294117647059 0.2606951871657754 0.31016042780748665 0.5213903743315508
0 0.09759358288770054 0.22058823529411764 0.19518716577540107 0.4411764705882353
0 0.3048128342245989 0.5588235294117647 0.34759358288770054 0.16042780748663102
2 0.07219251336898395 0.5427807486631016 0.1443850267379679 0.1925133689839572
0 0.09893048128342247 0.5548128342245989 0.13903743315508021 0.16844919786096257
0 0.6350267379679144 0.2713903743315508 0.31283422459893045 0.5427807486631016
0 0.8529411764705882 0.5935828877005348 0.29411764705882354 0.09090909090909091
2 0.7874331550802139 0.5922459893048129 0.22192513368983957 0.09358288770053476
2 0.589572192513369 0.5815508021390374 0.22192513368983957 0.11497326203208556
0 0.5855614973262032 0.6016042780748663 0.21390374331550802 0.0748663101604278
2 0.17245989304812834 0.7419786096256684 0.23796791443850268 0.20588235294117646
2 0.9211229946524064 0.7606951871657754 0.15775401069518716 0.24331550802139038
0 0.8729946524064172 0.7526737967914439 0.2540106951871658 0.22727272727272727
0 0.6403743315508021 0.7433155080213903 0.3235294117647059 0.20855614973262032
2 0.8168449197860963 0.9251336898395722 0.232620320855615 0.1497326203208556
2 0.6109625668449198 0.9037433155080213 0.2647058823529412 0.1925133689839572