0 0.33413461538461536 0.19471153846153846 0.09134615384615384 0.3894230769230769
0 0.08774038461538461 0.12980769230769232 0.17548076923076922 0.25961538461538464
0 0.12259615384615384 0.19471153846153846 0.24519230769230768 0.3894230769230769
0 0.9375 0.19471153846153846 0.125 0.3894230769230769
2 0.84375 0.3137019230769231 0.20673076923076922 0.15144230769230768
2 0.5108173076923077 0.18389423076923078 0.2620192307692308 0.36778846153846156
2 0.18990384615384615 0.671875 0.3798076923076923 0.5649038461538461
0 0.2283653846153846 0.9050480769230769 0.30288461538461536 0.18990384615384615
2 0.7331730769230769 0.6418269230769231 0.41346153846153844 0.36538461538461536
0 0.8846153846153846 0.9098557692307693 0.23076923076923078 0.18028846153846154
0 0.6274038461538461 0.8509615384615384 0.4951923076923077 0.2980769230769231