0 0.5252659574468085 0.1422872340425532 0.2047872340425532 0.2845744680851064
2 0.5332446808510638 0.26063829787234044 0.18882978723404256 0.22340425531914893
2 0.24601063829787234 0.22872340425531915 0.48138297872340424 0.4574468085106383
0 0.8816489361702128 0.1356382978723404 0.23670212765957446 0.26595744680851063
2 0.8031914893617021 0.043882978723404256 0.35106382978723405 0.08776595744680851
2 0.2247340425531915 0.5784574468085106 0.4122340425531915 0.24202127659574468
0 0.2859042553191489 0.6848404255319149 0.5718085106382979 0.2898936170212766
2 0.5226063829787234 0.9361702127659575 0.21010638297872342 0.1276595744680851
2 0.9242021276595744 0.711436170212766 0.15159574468085107 0.27393617021276595
2 0.910904255319149 0.5305851063829787 0.17819148936170212 0.14627659574468085
0 0.7632978723404256 0.9388297872340425 0.2712765957446808 0.12234042553191489