0 0.4026315789473684 0.13815789473684212 0.3157894736842105 0.27631578947368424
0 0.14473684210526316 0.11842105263157894 0.2894736842105263 0.23684210526315788
2 0.4486842105263158 0.3631578947368421 0.5026315789473684 0.25263157894736843
0 0.07236842105263158 0.4131578947368421 0.14473684210526316 0.15263157894736842
0 0.9013157894736842 0.075 0.19736842105263158 0.15
2 0.7486842105263158 0.2657894736842105 0.09736842105263158 0.4473684210526316
2 0.6460526315789473 0.6092105263157894 0.10789473684210527 0.2131578947368421
0 0.25263157894736843 0.8157894736842105 0.2 0.3684210526315789
2 0.5789473684210527 0.8381578947368421 0.24210526315789474 0.3236842105263158
2 0.1013157894736842 0.7868421052631579 0.2026315789473684 0.4263157894736842
0 0.8763157894736842 0.7447368421052631 0.24736842105263157 0.5105263157894737