0 0.375 0.1638349514563107 0.10922330097087378 0.3276699029126214
0 0.7839805825242718 0.11407766990291263 0.4320388349514563 0.22815533980582525
2 0.6492718446601942 0.08373786407766991 0.22572815533980584 0.16747572815533981
2 0.5461165048543689 0.08737864077669903 0.23300970873786409 0.17475728155339806
0 0.23300970873786409 0.42839805825242716 0.3932038834951456 0.20145631067961164
0 0.21480582524271843 0.7148058252427184 0.42961165048543687 0.5703883495145631
0 0.13349514563106796 0.6941747572815534 0.2669902912621359 0.6116504854368932
2 0.6978155339805825 0.4308252427184466 0.4733009708737864 0.20631067961165048
0 0.5643203883495146 0.5303398058252428 0.26941747572815533 0.4053398058252427
0 0.8507281553398058 0.8567961165048543 0.29854368932038833 0.28640776699029125
0 0.5716019417475728 0.8422330097087378 0.28398058252427183 0.3155339805825243