0 0.10128205128205128 0.26666666666666666 0.20256410256410257 0.17435897435897435
2 0.12179487179487179 0.17692307692307693 0.24358974358974358 0.35384615384615387
0 0.4153846153846154 0.046153846153846156 0.16923076923076924 0.09230769230769231
2 0.5602564102564103 0.23205128205128206 0.12051282051282051 0.4128205128205128
2 0.808974358974359 0.0641025641025641 0.382051282051282 0.1282051282051282
0 0.7769230769230769 0.24743589743589745 0.4461538461538462 0.382051282051282
2 0.05641025641025641 0.5705128205128205 0.11282051282051282 0.15128205128205127
0 0.07179487179487179 0.5423076923076923 0.14358974358974358 0.2076923076923077
2 0.25769230769230766 0.7897435897435897 0.4846153846153846 0.4205128205128205
0 0.617948717948718 0.7974358974358975 0.2358974358974359 0.40512820512820513
0 0.867948717948718 0.5807692307692308 0.2641025641025641 0.23333333333333334
2 0.8397435897435898 0.8076923076923077 0.32051282051282054 0.38461538461538464