2 0.08076923076923077 0.20897435897435898 0.16153846153846155 0.2230769230769231
0 0.01282051282051282 0.3628205128205128 0.02564102564102564 0.33076923076923076
0 0.8141025641025641 0.0782051282051282 0.23333333333333334 0.1564102564102564
2 0.541025641025641 0.11282051282051282 0.40512820512820513 0.22564102564102564
2 0.5384615384615384 0.46025641025641023 0.4 0.1358974358974359
0 0.5692307692307692 0.4358974358974359 0.46153846153846156 0.18461538461538463
2 0.15897435897435896 0.6294871794871795 0.31794871794871793 0.20256410256410257
0 0.15 0.5871794871794872 0.3 0.11794871794871795
0 0.16923076923076924 0.8397435897435898 0.3384615384615385 0.32051282051282054
2 0.9038461538461539 0.8346153846153846 0.19230769230769232 0.33076923076923076
0 0.6128205128205129 0.8397435897435898 0.5487179487179488 0.32051282051282054