0 0.5621890547263682 0.21393034825870647 0.0945273631840796 0.13930348258706468
2 0.06965174129353234 0.11318407960199005 0.13930348258706468 0.2263681592039801
2 0.3582089552238806 0.36069651741293535 0.11442786069651742 0.13930348258706468
2 0.1691542288557214 0.36691542288557216 0.3383084577114428 0.32587064676616917
0 0.7325870646766169 0.26990049751243783 0.22885572139303484 0.48009950248756217
0 0.5099502487562189 0.6231343283582089 0.15920398009950248 0.1865671641791045
2 0.3644278606965174 0.6616915422885572 0.24129353233830847 0.09701492537313433
0 0.5497512437810945 0.8606965174129353 0.11940298507462686 0.27860696517412936
2 0.36069651741293535 0.8407960199004975 0.4527363184079602 0.31840796019900497
0 0.2064676616915423 0.8283582089552238 0.4129353233830846 0.34328358208955223
2 0.7873134328358209 0.6604477611940298 0.35572139303482586 0.26119402985074625
0 0.7425373134328358 0.8109452736318408 0.13681592039800994 0.0845771144278607