0 0.48341836734693877 0.036989795918367346 0.2372448979591837 0.07397959183673469
2 0.36862244897959184 0.11989795918367346 0.1760204081632653 0.17091836734693877
2 0.1836734693877551 0.23596938775510204 0.3673469387755102 0.4719387755102041
0 0.22321428571428573 0.42091836734693877 0.44642857142857145 0.1377551020408163
0 0.8813775510204082 0.31760204081632654 0.2372448979591837 0.22704081632653061
0 0.9030612244897959 0.4094387755102041 0.19387755102040816 0.16071428571428573
2 0.6415816326530612 0.8418367346938775 0.1556122448979592 0.3163265306122449
0 0.25892857142857145 0.5650510204081632 0.5178571428571429 0.15051020408163265
2 0.13903061224489796 0.5548469387755102 0.2780612244897959 0.13010204081632654
0 0.3380102040816326 0.8711734693877551 0.6607142857142857 0.2576530612244898
2 0.9540816326530612 0.7691326530612245 0.09183673469387756 0.18622448979591838
0 0.9132653061224489 0.8979591836734694 0.17346938775510204 0.20408163265306123