2 0.5891089108910891 0.3886138613861386 0.1782178217821782 0.16336633663366337
0 0.5717821782178217 0.19183168316831684 0.21287128712871287 0.3292079207920792
2 0.2957920792079208 0.0891089108910891 0.3688118811881188 0.1782178217821782
2 0.8391089108910891 0.1943069306930693 0.3217821782178218 0.3886138613861386
2 0.5952970297029703 0.926980198019802 0.15099009900990099 0.14603960396039603
2 0.26732673267326734 0.7945544554455446 0.5346534653465347 0.41089108910891087
0 0.9331683168316832 0.8527227722772277 0.13366336633663367 0.2698019801980198
0 0.9752475247524752 0.7400990099009901 0.04950495049504951 0.0891089108910891
0 0.9752475247524752 0.7908415841584159 0.04950495049504951 0.07673267326732673
2 0.849009900990099 0.9405940594059405 0.2524752475247525 0.1188118811881188
2 0.7153465346534653 0.7945544554455446 0.07425742574257425 0.41089108910891087