0 0.19743589743589743 0.33205128205128204 0.39487179487179486 0.3153846153846154
2 0.4128205128205128 0.5192307692307693 0.05128205128205128 0.4128205128205128
0 0.4064102564102564 0.6628205128205128 0.0641025641025641 0.15128205128205127
0 0.7243589743589743 0.4576923076923077 0.5512820512820513 0.5615384615384615
2 0.7423076923076923 0.6346153846153846 0.5153846153846153 0.2076923076923077
0 0.7615384615384615 0.047435897435897434 0.47692307692307695 0.09487179487179487
0 0.7282051282051282 0.17307692307692307 0.5435897435897435 0.34615384615384615
0 0.23076923076923078 0.8692307692307693 0.4153846153846154 0.26153846153846155
0 0.5512820512820513 0.958974358974359 0.22564102564102564 0.08205128205128205
2 0.6525641025641026 0.8692307692307693 0.4282051282051282 0.26153846153846155
2 0.9 0.841025641025641 0.2 0.14358974358974358
0 0.9217948717948717 0.8012820512820513 0.1564102564102564 0.12564102564102564