0 0.36607142857142855 0.5408163265306123 0.3647959183673469 0.19387755102040816
2 0.2002551020408163 0.576530612244898 0.13010204081632654 0.12244897959183673
0 0.11224489795918367 0.30357142857142855 0.22448979591836735 0.2755102040816326
2 0.10459183673469388 0.45663265306122447 0.20918367346938777 0.3622448979591837
0 0.8201530612244898 0.15178571428571427 0.3596938775510204 0.30357142857142855
2 0.7946428571428571 0.36862244897959184 0.4107142857142857 0.3392857142857143
0 0.4221938775510204 0.8380102040816326 0.25255102040816324 0.3239795918367347
2 0.4030612244897959 0.9630102040816326 0.29081632653061223 0.07397959183673469
0 0.18877551020408162 0.8188775510204082 0.37755102040816324 0.3622448979591837
2 0.20408163265306123 0.7104591836734694 0.3979591836734694 0.14540816326530612
2 0.9132653061224489 0.8673469387755102 0.17346938775510204 0.2653061224489796
2 0.7219387755102041 0.8150510204081632 0.33163265306122447 0.23979591836734693
0 0.7295918367346939 0.7321428571428571 0.3622448979591837 0.18877551020408162