0 0.20280612244897958 0.22959183673469388 0.3903061224489796 0.45918367346938777
2 0.6096938775510204 0.2653061224489796 0.42346938775510207 0.17857142857142858
0 0.6683673469387755 0.35841836734693877 0.5408163265306123 0.20153061224489796
2 0.9540816326530612 0.19387755102040816 0.09183673469387756 0.3877551020408163
0 0.09566326530612244 0.8647959183673469 0.1913265306122449 0.27040816326530615
2 0.2627551020408163 0.7117346938775511 0.27040816326530615 0.5051020408163265
0 0.5038265306122449 0.7283163265306123 0.21173469387755103 0.1913265306122449
2 0.5204081632653061 0.6339285714285714 0.24489795918367346 0.32908163265306123
0 0.5051020408163265 0.8469387755102041 0.21428571428571427 0.30612244897959184
0 0.8392857142857143 0.8405612244897959 0.32142857142857145 0.1760204081632653
2 0.9119897959183674 0.6632653061224489 0.1760204081632653 0.14285714285714285
2 0.7665816326530612 0.9119897959183674 0.46683673469387754 0.1760204081632653