2 0.04024390243902439 0.28536585365853656 0.08048780487804878 0.17073170731707318
0 0.12195121951219512 0.38658536585365855 0.24390243902439024 0.24634146341463414
0 0.43414634146341463 0.11829268292682926 0.33170731707317075 0.23658536585365852
2 0.901219512195122 0.39146341463414636 0.1975609756097561 0.23658536585365852
0 0.7634146341463415 0.2817073170731707 0.29024390243902437 0.33414634146341465
2 0.2975609756097561 0.6012195121951219 0.13658536585365855 0.17073170731707318
2 0.4378048780487805 0.7707317073170732 0.32439024390243903 0.44390243902439025
2 0.7707317073170732 0.6207317073170732 0.34146341463414637 0.22195121951219512
2 0.8682926829268293 0.8939024390243903 0.2634146341463415 0.2121951219512195
2 0.9402439024390243 0.6292682926829268 0.11951219512195121 0.22926829268292684
0 0.9292682926829269 0.7585365853658537 0.14146341463414633 0.28780487804878047