2 0.22576530612244897 0.23214285714285715 0.3647959183673469 0.3112244897959184
2 0.047193877551020405 0.21173469387755103 0.09438775510204081 0.3520408163265306
0 0.7844387755102041 0.22193877551020408 0.34183673469387754 0.2755102040816326
2 0.6887755102040817 0.1568877551020408 0.30612244897959184 0.29591836734693877
0 0.7576530612244898 0.19642857142857142 0.4846938775510204 0.3826530612244898
0 0.5063775510204082 0.19387755102040816 0.19642857142857142 0.3877551020408163
2 0.22066326530612246 0.5586734693877551 0.375 0.34183673469387754
2 0.31760204081632654 0.7627551020408163 0.18112244897959184 0.22448979591836735
2 0.2002551020408163 0.8584183673469388 0.32142857142857145 0.19642857142857142
0 0.7461734693877551 0.5178571428571429 0.3239795918367347 0.2602040816326531
2 0.75 0.41836734693877553 0.3112244897959184 0.061224489795918366
2 0.6543367346938775 0.8316326530612245 0.4923469387755102 0.336734693877551