2 0.16454081632653061 0.09566326530612244 0.31887755102040816 0.1913265306122449
0 0.40816326530612246 0.15943877551020408 0.2193877551020408 0.2780612244897959
0 0.36096938775510207 0.43494897959183676 0.3137755102040816 0.3852040816326531
0 0.7589285714285714 0.07015306122448979 0.48214285714285715 0.14030612244897958
2 0.6071428571428571 0.042091836734693876 0.17857142857142858 0.08418367346938775
2 0.7589285714285714 0.4336734693877551 0.48214285714285715 0.3877551020408163
2 0.336734693877551 0.7525510204081632 0.3622448979591837 0.25
0 0.10076530612244898 0.8137755102040817 0.20153061224489796 0.37244897959183676
0 0.7908163265306123 0.7487244897959183 0.41836734693877553 0.2423469387755102
2 0.6466836734693877 0.8852040816326531 0.1556122448979592 0.22959183673469388
0 0.5688775510204082 0.8137755102040817 0.10204081632653061 0.37244897959183676