2 0.258974358974359 0.2141025641025641 0.517948717948718 0.4282051282051282
0 0.8833333333333333 0.2692307692307692 0.23333333333333334 0.31794871794871793
2 0.6230769230769231 0.21794871794871795 0.21025641025641026 0.4205128205128205
0 0.4269230769230769 0.5256410256410257 0.18205128205128204 0.19487179487179487
2 0.22179487179487178 0.958974358974359 0.13076923076923078 0.08205128205128205
0 0.36153846153846153 0.9602564102564103 0.30256410256410254 0.07948717948717948
0 0.1064102564102564 0.7448717948717949 0.2128205128205128 0.46923076923076923
0 0.09871794871794871 0.732051282051282 0.19743589743589743 0.4897435897435897
0 0.8179487179487179 0.5948717948717949 0.3641025641025641 0.3333333333333333
0 0.6192307692307693 0.5269230769230769 0.20256410256410257 0.19743589743589743
2 0.6897435897435897 0.8320512820512821 0.3435897435897436 0.33589743589743587
0 0.8333333333333334 0.8474358974358974 0.3333333333333333 0.30512820512820515