0 0.29044117647058826 0.13357843137254902 0.3431372549019608 0.18872549019607843
0 0.47181372549019607 0.2696078431372549 0.17401960784313725 0.39705882352941174
0 0.6446078431372549 0.36519607843137253 0.1715686274509804 0.20588235294117646
0 0.7009803921568627 0.18995098039215685 0.28431372549019607 0.3799019607843137
2 0.8688725490196079 0.39950980392156865 0.2622549019607843 0.13725490196078433
0 0.0625 0.8468137254901961 0.125 0.30637254901960786
2 0.04779411764705882 0.8161764705882353 0.09558823529411764 0.27941176470588236
2 0.0784313725490196 0.5428921568627451 0.1568627450980392 0.14950980392156862
0 0.2867647058823529 0.9436274509803921 0.23529411764705882 0.11274509803921569
0 0.6237745098039216 0.8762254901960784 0.12990196078431374 0.24754901960784315
2 0.8406862745098039 0.8112745098039216 0.31862745098039214 0.37745098039215685
2 0.8235294117647058 0.6078431372549019 0.35294117647058826 0.27941176470588236