2 0.6078431372549019 0.33700980392156865 0.16176470588235295 0.32598039215686275
0 0.25735294117647056 0.07720588235294118 0.5147058823529411 0.15441176470588236
0 0.28921568627450983 0.2757352941176471 0.5784313725490197 0.4485294117647059
0 0.8443627450980392 0.37745098039215685 0.3112745098039216 0.24509803921568626
2 0.633578431372549 0.75 0.11029411764705882 0.22058823529411764
0 0.5343137254901961 0.7071078431372549 0.25 0.41421568627450983
0 0.5845588235294118 0.9325980392156863 0.20833333333333334 0.13480392156862744
2 0.2512254901960784 0.75 0.5024509803921569 0.5
2 0.8970588235294118 0.6213235294117647 0.20588235294117646 0.2426470588235294
2 0.9019607843137255 0.8161764705882353 0.19607843137254902 0.36764705882352944
2 0.7745098039215687 0.8602941176470589 0.1715686274509804 0.27941176470588236