0 0.26865671641791045 0.35074626865671643 0.4626865671641791 0.2736318407960199
0 0.033582089552238806 0.4017412935323383 0.06716417910447761 0.17164179104477612
0 0.75 0.4017412935323383 0.5 0.17164179104477612
2 0.6318407960199005 0.3358208955223881 0.263681592039801 0.3034825870646766
2 0.6878109452736318 0.12935323383084577 0.3756218905472637 0.25870646766169153
2 0.35199004975124376 0.5646766169154229 0.1318407960199005 0.12935323383084577
0 0.15920398009950248 0.654228855721393 0.31840796019900497 0.3333333333333333
2 0.19402985074626866 0.7985074626865671 0.3880597014925373 0.40298507462686567
2 0.8855721393034826 0.681592039800995 0.22885572139303484 0.3880597014925373
2 0.7350746268656716 0.9353233830845771 0.4502487562189055 0.12935323383084577
2 0.6840796019900498 0.7164179104477612 0.3681592039800995 0.4577114427860697