0 0.2707317073170732 0.06219512195121951 0.5365853658536586 0.12439024390243902
0 0.4926829268292683 0.31341463414634146 0.09268292682926829 0.15365853658536585
2 0.45 0.4268292682926829 0.17804878048780487 0.16585365853658537
2 0.30365853658536585 0.3695121951219512 0.3048780487804878 0.1878048780487805
2 0.12560975609756098 0.6365853658536585 0.25121951219512195 0.14634146341463414
2 0.9231707317073171 0.14634146341463414 0.15365853658536585 0.2
2 0.7463414634146341 0.27439024390243905 0.4146341463414634 0.5487804878048781
0 0.9560975609756097 0.651219512195122 0.08780487804878048 0.11707317073170732
2 0.4378048780487805 0.8182926829268292 0.20243902439024392 0.21707317073170732
2 0.948780487804878 0.8414634146341463 0.1024390243902439 0.2634146341463415
2 0.7475609756097561 0.8548780487804878 0.4170731707317073 0.29024390243902437