2 0.13205128205128205 0.4846153846153846 0.2641025641025641 0.3076923076923077
0 0.9448717948717948 0.19487179487179487 0.11025641025641025 0.38974358974358975
2 0.9307692307692308 0.19487179487179487 0.13846153846153847 0.38974358974358975
0 0.6525641025641026 0.2282051282051282 0.46923076923076923 0.38461538461538464
2 0.6576923076923077 0.5089743589743589 0.4794871794871795 0.258974358974359
2 0.8128205128205128 0.5115384615384615 0.2205128205128205 0.25384615384615383
2 0.16025641025641027 0.6961538461538461 0.23333333333333334 0.11538461538461539
2 0.35 0.8756410256410256 0.1358974358974359 0.24871794871794872
2 0.26282051282051283 0.8871794871794871 0.08461538461538462 0.22564102564102564
0 0.22564102564102564 0.8871794871794871 0.1794871794871795 0.22564102564102564
0 0.5807692307692308 0.7461538461538462 0.32564102564102565 0.2153846153846154
0 0.9115384615384615 0.9141025641025641 0.11794871794871795 0.16923076923076924
2 0.5961538461538461 0.9153846153846154 0.3564102564102564 0.16923076923076924