2 0.23941798941798942 0.2037037037037037 0.47883597883597884 0.4074074074074074
0 0.4246031746031746 0.2037037037037037 0.10846560846560846 0.4074074074074074
0 0.5092592592592593 0.2552910052910053 0.06084656084656084 0.2777777777777778
2 0.6626984126984127 0.20502645502645503 0.34656084656084657 0.3888888888888889
2 0.8597883597883598 0.28174603174603174 0.2804232804232804 0.25132275132275134
2 0.31613756613756616 0.5079365079365079 0.1931216931216931 0.20105820105820105
2 0.164021164021164 0.798941798941799 0.328042328042328 0.4021164021164021
2 0.35714285714285715 0.8240740740740741 0.24338624338624337 0.35185185185185186
0 0.578042328042328 0.4973544973544973 0.1984126984126984 0.13756613756613756
2 0.6746031746031746 0.623015873015873 0.17989417989417988 0.1746031746031746
2 0.8373015873015873 0.7037037037037037 0.3253968253968254 0.5925925925925926