0 0.12926829268292683 0.2097560975609756 0.25853658536585367 0.4195121951219512
2 0.6719512195121952 0.2097560975609756 0.3048780487804878 0.4195121951219512
0 0.8317073170731707 0.2097560975609756 0.33658536585365856 0.4195121951219512
2 0.9219512195121952 0.14268292682926828 0.15609756097560976 0.28536585365853656
0 0.1878048780487805 0.5426829268292683 0.375609756097561 0.24634146341463414
0 0.42560975609756097 0.5817073170731707 0.1878048780487805 0.32439024390243903
2 0.15121951219512195 0.7695121951219512 0.3024390243902439 0.4609756097560976
0 0.46463414634146344 0.9292682926829269 0.10975609756097561 0.14146341463414633
2 0.598780487804878 0.5804878048780487 0.15853658536585366 0.32195121951219513
2 0.9121951219512195 0.6 0.17560975609756097 0.36097560975609755
0 0.7902439024390244 0.926829268292683 0.4195121951219512 0.14634146341463414