2 0.01832460732984293 0.01832460732984293 0.03664921465968586 0.03664921465968586
0 0.25 0.24214659685863874 0.5 0.48429319371727747
2 0.25 0.39659685863874344 0.5 0.18586387434554974
2 0.7238219895287958 0.24607329842931938 0.4476439790575916 0.4869109947643979
0 0.19240837696335078 0.7853403141361257 0.38481675392670156 0.4293193717277487
0 0.4489528795811518 0.8678010471204188 0.10209424083769633 0.2643979057591623
2 0.6086387434554974 0.612565445026178 0.21727748691099477 0.24607329842931938
0 0.5575916230366492 0.5981675392670157 0.11518324607329843 0.21727748691099477
2 0.9070680628272252 0.7054973821989529 0.18586387434554974 0.4214659685863874
0 0.8180628272251309 0.650523560209424 0.32722513089005234 0.3219895287958115
0 0.75 0.8691099476439791 0.5 0.2617801047120419