0 0.2190721649484536 0.08505154639175258 0.20103092783505155 0.17010309278350516
0 0.1481958762886598 0.35180412371134023 0.2757731958762887 0.3943298969072165
2 0.2345360824742268 0.44458762886597936 0.17010309278350516 0.20876288659793815
0 0.05798969072164949 0.3698453608247423 0.11597938144329897 0.3582474226804124
0 0.48582474226804123 0.36726804123711343 0.3324742268041237 0.3634020618556701
0 0.29510309278350516 0.6804123711340206 0.04896907216494845 0.26288659793814434
2 0.23840206185567012 0.6907216494845361 0.16237113402061856 0.28350515463917525
0 0.14175257731958762 0.7667525773195877 0.28350515463917525 0.19329896907216496
2 0.15979381443298968 0.904639175257732 0.31958762886597936 0.19072164948453607
2 0.9407216494845361 0.6894329896907216 0.11855670103092783 0.2809278350515464
2 0.47551546391752575 0.7744845360824743 0.3118556701030928 0.45103092783505155
0 0.6082474226804123 0.7744845360824743 0.3865979381443299 0.45103092783505155