0 0.20897435897435898 0.11538461538461539 0.41794871794871796 0.23076923076923078
0 0.2358974358974359 0.308974358974359 0.3641025641025641 0.23846153846153847
0 0.22692307692307692 0.48717948717948717 0.382051282051282 0.6256410256410256
2 0.03461538461538462 0.18846153846153846 0.06923076923076923 0.24358974358974358
0 0.07692307692307693 0.6692307692307692 0.15384615384615385 0.26153846153846155
0 0.6961538461538461 0.05 0.5564102564102564 0.1
2 0.5282051282051282 0.1294871794871795 0.2205128205128205 0.2282051282051282
2 0.7217948717948718 0.5602564102564103 0.5564102564102564 0.44871794871794873
0 0.4564102564102564 0.6717948717948717 0.07692307692307693 0.14358974358974358
2 0.20897435897435898 0.9 0.41794871794871796 0.2
2 0.8115384615384615 0.9 0.3769230769230769 0.2
0 0.8243589743589743 0.9 0.35128205128205126 0.2
0 0.573076923076923 0.9 0.31025641025641026 0.2