0 0.5342639593908629 0.08629441624365482 0.2131979695431472 0.15228426395939088
2 0.583756345177665 0.17639593908629442 0.37055837563451777 0.20050761421319796
2 0.5621827411167513 0.35152284263959394 0.44923857868020306 0.23604060913705585
0 0.866751269035533 0.07614213197969544 0.26649746192893403 0.15228426395939088
0 0.8769035532994924 0.116751269035533 0.24619289340101522 0.233502538071066
0 0.8857868020304569 0.31091370558375636 0.22842639593908629 0.2614213197969543
2 0.9022842639593909 0.3680203045685279 0.19543147208121828 0.20304568527918782
2 0.19035532994923857 0.5038071065989848 0.29441624365482233 0.06852791878172589
0 0.16878172588832488 0.5317258883248731 0.33756345177664976 0.12436548223350254
2 0.16878172588832488 0.9175126903553299 0.33756345177664976 0.1649746192893401
2 0.4289340101522843 0.8324873096446701 0.18274111675126903 0.17766497461928935
0 0.5215736040609137 0.9200507614213198 0.1548223350253807 0.1598984771573604
2 0.7829949238578681 0.7779187817258884 0.434010152284264 0.44416243654822335