2 0.11734693877551021 0.08801020408163265 0.23469387755102042 0.1760204081632653
0 0.13903061224489796 0.05229591836734694 0.2780612244897959 0.10459183673469388
0 0.5178571428571429 0.18622448979591838 0.10204081632653061 0.37244897959183676
0 0.40433673469387754 0.3903061224489796 0.32908163265306123 0.2755102040816326
2 0.7844387755102041 0.18877551020408162 0.43112244897959184 0.3622448979591837
0 0.7844387755102041 0.07270408163265306 0.43112244897959184 0.14540816326530612
2 0.764030612244898 0.3737244897959184 0.3903061224489796 0.3086734693877551
2 0.05994897959183673 0.5522959183673469 0.11989795918367346 0.04846938775510204
0 0.3852040816326531 0.5599489795918368 0.35714285714285715 0.06377551020408163
0 0.22066326530612246 0.9630102040816326 0.4413265306122449 0.07397959183673469
2 0.49362244897959184 0.9553571428571429 0.15051020408163265 0.08928571428571429
0 0.6619897959183674 0.7283163265306123 0.18622448979591838 0.4005102040816326
2 0.8239795918367347 0.8520408163265306 0.3520408163265306 0.29591836734693877
0 0.8392857142857143 0.7219387755102041 0.32142857142857145 0.3877551020408163