0 0.39659685863874344 0.10471204188481675 0.2591623036649215 0.2094240837696335
2 0.42670157068062825 0.1531413612565445 0.28272251308900526 0.28534031413612565
0 0.35209424083769636 0.14790575916230367 0.4319371727748691 0.29581151832460734
0 0.27225130890052357 0.35732984293193715 0.5445026178010471 0.24345549738219896
2 0.943717277486911 0.1950261780104712 0.112565445026178 0.3900523560209424
2 0.6845549738219895 0.1649214659685864 0.23298429319371727 0.3298429319371728
2 0.6897905759162304 0.412303664921466 0.24345549738219896 0.13350785340314136
0 0.3612565445026178 0.5890052356020943 0.41361256544502617 0.2198952879581152
2 0.18193717277486912 0.9293193717277487 0.2591623036649215 0.14136125654450263
2 0.7866492146596858 0.6099476439790575 0.42670157068062825 0.2617801047120419
2 0.7840314136125655 0.8730366492146597 0.4319371727748691 0.25392670157068065