2 0.14153439153439154 0.1349206349206349 0.2830687830687831 0.2698412698412698
0 0.1283068783068783 0.1746031746031746 0.2566137566137566 0.19047619047619047
0 0.31613756613756616 0.16666666666666666 0.2671957671957672 0.20634920634920634
0 0.716931216931217 0.1349206349206349 0.5343915343915344 0.2698412698412698
0 0.9312169312169312 0.1349206349206349 0.13756613756613756 0.2698412698412698
0 0.21693121693121692 0.5211640211640212 0.36772486772486773 0.2751322751322751
2 0.20502645502645503 0.8187830687830688 0.4021164021164021 0.3201058201058201
2 0.2896825396825397 0.6044973544973545 0.3201058201058201 0.36243386243386244
0 0.22486772486772486 0.6640211640211641 0.4497354497354497 0.671957671957672
2 0.38492063492063494 0.7341269841269841 0.12962962962962962 0.5317460317460317
2 0.6706349206349206 0.7301587301587301 0.4417989417989418 0.5396825396825397
0 0.6468253968253969 0.8082010582010583 0.3941798941798942 0.3835978835978836
2 0.6838624338624338 0.4444444444444444 0.46825396825396826 0.21164021164021163
2 0.8650793650793651 0.7751322751322751 0.2698412698412698 0.4497354497354497