2 0.5443548387096774 0.10618279569892473 0.12634408602150538 0.21236559139784947
0 0.3924731182795699 0.06182795698924731 0.43010752688172044 0.12365591397849462
0 0.4099462365591398 0.39381720430107525 0.3951612903225806 0.22849462365591397
0 0.11290322580645161 0.40725806451612906 0.22580645161290322 0.20161290322580644
2 0.7459677419354839 0.09005376344086022 0.2768817204301075 0.18010752688172044
0 0.7688172043010753 0.39381720430107525 0.3225806451612903 0.22849462365591397
0 0.4731182795698925 0.8521505376344086 0.26881720430107525 0.2849462365591398
2 0.41263440860215056 0.7204301075268817 0.18010752688172044 0.17204301075268819
0 0.9529569892473119 0.7540322580645161 0.09408602150537634 0.49193548387096775
2 0.7379032258064516 0.7338709677419355 0.260752688172043 0.45161290322580644
2 0.7809139784946236 0.9489247311827957 0.3467741935483871 0.10215053763440861