2 0.4539800995024876 0.11194029850746269 0.06716417910447761 0.22388059701492538
0 0.33955223880597013 0.13557213930348258 0.2960199004975124 0.27114427860696516
2 0.06218905472636816 0.31840796019900497 0.12437810945273632 0.4228855721393035
2 0.7313432835820896 0.16417910447761194 0.48756218905472637 0.3283582089552239
0 0.17288557213930347 0.6567164179104478 0.34577114427860695 0.2537313432835821
0 0.35074626865671643 0.7300995024875622 0.2736318407960199 0.40049751243781095
0 0.10074626865671642 0.8868159203980099 0.20149253731343283 0.2263681592039801
0 0.4054726368159204 0.9465174129353234 0.16417910447761194 0.10696517412935323
0 0.5559701492537313 0.7649253731343284 0.13681592039800994 0.4701492537313433
2 0.7922885572139303 0.8606965174129353 0.4154228855721393 0.27860696517412936
0 0.722636815920398 0.8308457711442786 0.32587064676616917 0.3383084577114428