2 0.19088669950738915 0.1625615763546798 0.3669950738916256 0.3251231527093596
0 0.2881773399014778 0.1724137931034483 0.5615763546798029 0.3448275862068966
2 0.29310344827586204 0.4605911330049261 0.5517241379310345 0.35467980295566504
2 0.7278325123152709 0.03201970443349754 0.21921182266009853 0.06403940886699508
0 0.6576354679802956 0.13916256157635468 0.11822660098522167 0.27832512315270935
0 0.7844827586206896 0.4445812807881773 0.43103448275862066 0.3866995073891626
2 0.1810344827586207 0.7770935960591133 0.30295566502463056 0.27832512315270935
0 0.4088669950738916 0.7844827586206896 0.32019704433497537 0.29310344827586204
2 0.28448275862068967 0.9347290640394089 0.5689655172413793 0.13054187192118227
2 0.6761083743842364 0.7093596059113301 0.17980295566502463 0.14285714285714285
2 0.770935960591133 0.9347290640394089 0.4039408866995074 0.13054187192118227