0 0.3210659898477157 0.30710659898477155 0.2766497461928934 0.4619289340101523
2 0.12055837563451777 0.30456852791878175 0.24111675126903553 0.467005076142132
0 0.9098984771573604 0.12436548223350254 0.1802030456852792 0.24873096446700507
0 0.6459390862944162 0.43908629441624364 0.3730964467005076 0.19796954314720813
0 0.6624365482233503 0.19796954314720813 0.40609137055837563 0.39593908629441626
2 0.21573604060913706 0.8743654822335025 0.43147208121827413 0.2512690355329949
0 0.05964467005076142 0.9873096446700508 0.11928934010152284 0.025380710659898477
2 0.217005076142132 0.5926395939086294 0.434010152284264 0.10913705583756345
0 0.583756345177665 0.9517766497461929 0.24873096446700507 0.09644670050761421
0 0.5710659898477157 0.6230964467005076 0.2233502538071066 0.1700507614213198
2 0.9670050761421319 0.5913705583756346 0.06598984771573604 0.1065989847715736