2 0.05964467005076142 0.4949238578680203 0.11928934010152284 0.22842639593908629
0 0.19796954314720813 0.3362944162436548 0.39593908629441626 0.2715736040609137
2 0.217005076142132 0.11928934010152284 0.434010152284264 0.23857868020304568
0 0.5101522842639594 0.35406091370558374 0.116751269035533 0.35786802030456855
0 0.501269035532995 0.30710659898477155 0.13451776649746192 0.24873096446700507
2 0.5076142131979695 0.4987309644670051 0.1218274111675127 0.22081218274111675
0 0.6535532994923858 0.4581218274111675 0.1700507614213198 0.2563451776649746
0 0.6535532994923858 0.08629441624365482 0.12944162436548223 0.17258883248730963
0 0.8642131979695431 0.40609137055837563 0.2715736040609137 0.19796954314720813
0 0.13578680203045684 0.7626903553299492 0.2715736040609137 0.2614213197969543
2 0.43781725888324874 0.9352791878172588 0.2614213197969543 0.12944162436548223
2 0.7271573604060914 0.6878172588832487 0.10406091370558376 0.15736040609137056
0 0.9352791878172588 0.8934010152284264 0.12944162436548223 0.2131979695431472