2 0.4252450980392157 0.08700980392156862 0.24754901960784315 0.17401960784313725
0 0.2916666666666667 0.23039215686274508 0.28921568627450983 0.46078431372549017
2 0.10784313725490197 0.27205882352941174 0.21568627450980393 0.5441176470588235
0 0.38480392156862747 0.6360294117647058 0.3284313725490196 0.30637254901960786
0 0.3443627450980392 0.5931372549019608 0.25 0.22549019607843138
2 0.4852941176470588 0.6200980392156863 0.12745098039215685 0.3382352941176471
0 0.12622549019607843 0.7169117647058824 0.25245098039215685 0.14460784313725492
2 0.8897058823529411 0.27818627450980393 0.2107843137254902 0.3872549019607843
0 0.7745098039215687 0.6127450980392157 0.45098039215686275 0.35294117647058826
0 0.40931372549019607 0.8553921568627451 0.27941176470588236 0.1323529411764706
2 0.40931372549019607 0.8541666666666666 0.19607843137254902 0.12990196078431374
2 0.09558823529411764 0.8872549019607843 0.19117647058823528 0.19607843137254902
2 0.27450980392156865 0.9558823529411765 0.1568627450980392 0.08823529411764706
2 0.7512254901960784 0.8774509803921569 0.2034313725490196 0.17647058823529413