2 0.0480295566502463 0.3091133004926108 0.0960591133004926 0.2684729064039409
0 0.07019704433497537 0.4051724137931034 0.14039408866995073 0.10591133004926108
2 0.27586206896551724 0.24261083743842365 0.46798029556650245 0.43103448275862066
2 0.5529556650246306 0.07881773399014778 0.08620689655172414 0.15763546798029557
2 0.5935960591133005 0.1564039408866995 0.16748768472906403 0.15517241379310345
2 0.5504926108374384 0.21551724137931033 0.0812807881773399 0.08620689655172414
0 0.6650246305418719 0.23029556650246305 0.3103448275862069 0.29310344827586204
2 0.8830049261083743 0.229064039408867 0.23399014778325122 0.458128078817734
2 0.32389162561576357 0.729064039408867 0.37192118226600984 0.541871921182266
0 0.8669950738916257 0.9618226600985221 0.2660098522167488 0.07635467980295567
2 0.9310344827586207 0.8928571428571429 0.13793103448275862 0.1896551724137931
2 0.8041871921182266 0.5615763546798029 0.3916256157635468 0.20689655172413793