2 0.20320197044334976 0.13177339901477833 0.29310344827586204 0.26354679802955666
2 0.18472906403940886 0.3669950738916256 0.33004926108374383 0.3842364532019704
2 0.4766009852216749 0.09482758620689655 0.2536945812807882 0.1896551724137931
0 0.4975369458128079 0.33497536945812806 0.2955665024630542 0.4482758620689655
2 0.7943349753694581 0.09729064039408868 0.41133004926108374 0.19458128078817735
2 0.812807881773399 0.34236453201970446 0.37438423645320196 0.43349753694581283
0 0.1748768472906404 0.646551724137931 0.3497536945812808 0.1748768472906404
2 0.2044334975369458 0.791871921182266 0.29064039408866993 0.2536945812807882
0 0.17980295566502463 0.8669950738916257 0.3399014778325123 0.2660098522167488
2 0.43842364532019706 0.8041871921182266 0.17733990147783252 0.3916256157635468
0 0.6761083743842364 0.8226600985221675 0.35714285714285715 0.35467980295566504