0 0.30080213903743314 0.6109625668449198 0.35561497326203206 0.09358288770053476
0 0.22994652406417113 0.03342245989304813 0.45989304812834225 0.06684491978609626
0 0.0748663101604278 0.49866310160427807 0.1497326203208556 0.3181818181818182
0 0.929144385026738 0.5641711229946524 0.14171122994652408 0.18716577540106952
0 0.9371657754010695 0.1163101604278075 0.12566844919786097 0.232620320855615
0 0.5962566844919787 0.5762032085561497 0.23529411764705882 0.16310160427807488
2 0.5548128342245989 0.36764705882352944 0.15240641711229946 0.17914438502673796
0 0.26871657754010697 0.8288770053475936 0.4197860962566845 0.3422459893048128
2 0.07754010695187166 0.8288770053475936 0.15508021390374332 0.3422459893048128
0 0.8983957219251337 0.8288770053475936 0.20320855614973263 0.3422459893048128
2 0.7112299465240641 0.8288770053475936 0.46524064171123 0.3422459893048128