0 0.20502645502645503 0.10317460317460317 0.41005291005291006 0.20634920634920634
2 0.20238095238095238 0.06878306878306878 0.40476190476190477 0.13756613756613756
2 0.21693121693121692 0.5132275132275133 0.43386243386243384 0.1111111111111111
0 0.6177248677248677 0.03042328042328042 0.17724867724867724 0.06084656084656084
2 0.6626984126984127 0.15343915343915343 0.2671957671957672 0.291005291005291
0 0.8941798941798942 0.24735449735449735 0.21164021164021163 0.28835978835978837
2 0.9576719576719577 0.09259259259259259 0.08465608465608465 0.18518518518518517
2 0.03968253968253968 0.7857142857142857 0.07936507936507936 0.1111111111111111
0 0.10978835978835978 0.6653439153439153 0.21957671957671956 0.1931216931216931
2 0.3862433862433862 0.6335978835978836 0.2857142857142857 0.12962962962962962
2 0.7791005291005291 0.9034391534391535 0.4417989417989418 0.1931216931216931