2 0.14427860696517414 0.26990049751243783 0.2885572139303483 0.19651741293532338
2 0.1890547263681592 0.08333333333333333 0.19900497512437812 0.16666666666666666
0 0.16044776119402984 0.15298507462686567 0.2562189054726368 0.3009950248756219
2 0.48756218905472637 0.21766169154228857 0.39800995024875624 0.3009950248756219
0 0.5621890547263682 0.18407960199004975 0.5472636815920398 0.3681592039800995
2 0.8644278606965174 0.208955223880597 0.27114427860696516 0.31840796019900497
0 0.05845771144278607 0.4154228855721393 0.11691542288557213 0.0945273631840796
0 0.14427860696517414 0.9241293532338308 0.2885572139303483 0.1517412935323383
2 0.1480099502487562 0.5833333333333334 0.2810945273631841 0.43034825870646765
0 0.39303482587064675 0.5111940298507462 0.208955223880597 0.27611940298507465
2 0.7350746268656716 0.5982587064676617 0.3781094527363184 0.2935323383084577
0 0.7835820895522388 0.4552238805970149 0.43283582089552236 0.17412935323383086