0 0.3635204081632653 0.13392857142857142 0.2729591836734694 0.26785714285714285
2 0.3405612244897959 0.11734693877551021 0.22448979591836735 0.23214285714285715
0 0.38010204081632654 0.4987244897959184 0.23979591836734693 0.20153061224489796
2 0.35714285714285715 0.5089285714285714 0.2857142857142857 0.18112244897959184
2 0.9438775510204082 0.3596938775510204 0.11224489795918367 0.25510204081632654
2 0.7206632653061225 0.1211734693877551 0.4413265306122449 0.2423469387755102
2 0.6913265306122449 0.24489795918367346 0.38010204081632654 0.11224489795918367
0 0.6900510204081632 0.27168367346938777 0.38010204081632654 0.22704081632653061
2 0.46938775510204084 0.7104591836734694 0.061224489795918366 0.22193877551020408
0 0.24489795918367346 0.7206632653061225 0.4897959183673469 0.2423469387755102
2 0.20535714285714285 0.8852040816326531 0.4107142857142857 0.22959183673469388
2 0.7691326530612245 0.7959183673469388 0.29591836734693877 0.20918367346938777