0 0.29802955665024633 0.0603448275862069 0.21674876847290642 0.1206896551724138
2 0.2438423645320197 0.14039408866995073 0.37438423645320196 0.18472906403940886
2 0.2660098522167488 0.2955665024630542 0.4876847290640394 0.18719211822660098
2 0.8928571428571429 0.19458128078817735 0.21428571428571427 0.3891625615763547
0 0.687192118226601 0.11083743842364532 0.35467980295566504 0.22167487684729065
2 0.3275862068965517 0.49014778325123154 0.3645320197044335 0.2019704433497537
0 0.35591133004926107 0.7475369458128078 0.3078817733990148 0.33251231527093594
2 0.3275862068965517 0.9088669950738916 0.29064039408866993 0.18226600985221675
2 0.07389162561576355 0.7044334975369458 0.1477832512315271 0.3842364532019704
2 0.9334975369458128 0.6157635467980296 0.1330049261083744 0.11330049261083744
0 0.8571428571428571 0.7623152709359606 0.2857142857142857 0.29802955665024633
2 0.6699507389162561 0.4667487684729064 0.32019704433497537 0.15517241379310345
0 0.6391625615763546 0.7549261083743842 0.25862068965517243 0.49014778325123154