2 0.22167487684729065 0.31650246305418717 0.2315270935960591 0.22413793103448276
0 0.2955665024630542 0.39285714285714285 0.5467980295566502 0.33251231527093594
0 0.28448275862068967 0.11576354679802955 0.5689655172413793 0.2315270935960591
0 0.5997536945812808 0.41625615763546797 0.06157635467980296 0.20689655172413793
2 0.6145320197044335 0.26354679802955666 0.09113300492610837 0.10344827586206896
2 0.7438423645320197 0.13423645320197045 0.3497536945812808 0.2684729064039409
2 0.9679802955665024 0.35098522167487683 0.06403940886699508 0.11083743842364532
0 0.270935960591133 0.9593596059113301 0.541871921182266 0.0812807881773399
2 0.23399014778325122 0.6440886699507389 0.46798029556650245 0.16995073891625614
2 0.5258620689655172 0.8682266009852216 0.08620689655172414 0.26354679802955666
2 0.8928571428571429 0.7992610837438424 0.21428571428571427 0.1896551724137931
0 0.875615763546798 0.9100985221674877 0.24876847290640394 0.17980295566502463