0 0.34149484536082475 0.09664948453608248 0.3118556701030928 0.19329896907216496
2 0.4652061855670103 0.09664948453608248 0.2860824742268041 0.19329896907216496
2 0.16237113402061856 0.14948453608247422 0.3247422680412371 0.29896907216494845
2 0.22938144329896906 0.26288659793814434 0.3402061855670103 0.07216494845360824
0 0.8041237113402062 0.14948453608247422 0.3917525773195876 0.29896907216494845
0 0.49355670103092786 0.49871134020618557 0.22938144329896906 0.39948453608247425
0 0.20103092783505155 0.5025773195876289 0.3865979381443299 0.4072164948453608
2 0.3634020618556701 0.5412371134020618 0.18556701030927836 0.2036082474226804
0 0.5618556701030928 0.7152061855670103 0.09278350515463918 0.19329896907216496
0 0.4059278350515464 0.9059278350515464 0.2551546391752577 0.18814432989690721
0 0.9329896907216495 0.45618556701030927 0.13402061855670103 0.31443298969072164
2 0.7989690721649485 0.5283505154639175 0.38144329896907214 0.4587628865979381