0 0.1658291457286432 0.38567839195979897 0.23115577889447236 0.28391959798994976
2 0.23115577889447236 0.32160804020100503 0.3165829145728643 0.20100502512562815
2 0.24246231155778894 0.11557788944723618 0.29396984924623115 0.23115577889447236
0 0.2613065326633166 0.11683417085427136 0.2562814070351759 0.23366834170854273
0 0.6947236180904522 0.29773869346733667 0.6105527638190955 0.2889447236180904
2 0.8278894472361809 0.12185929648241206 0.3442211055276382 0.24371859296482412
2 0.22613065326633167 0.8831658291457286 0.32663316582914576 0.23366834170854273
0 0.20603015075376885 0.6595477386934674 0.36683417085427134 0.2638190954773869
0 0.48743718592964824 0.8115577889447236 0.19597989949748743 0.22613065326633167
2 0.4836683417085427 0.8819095477386935 0.1884422110552764 0.23618090452261306
2 0.7587939698492462 0.8668341708542714 0.4824120603015075 0.2663316582914573
2 0.8881909547738693 0.6469849246231156 0.2236180904522613 0.23869346733668342