0 0.2889447236180904 0.26884422110552764 0.22110552763819097 0.20100502512562815
2 0.12562814070351758 0.18467336683417085 0.25125628140703515 0.3693467336683417
2 0.699748743718593 0.18467336683417085 0.6005025125628141 0.3693467336683417
0 0.2864321608040201 0.7713567839195979 0.22613065326633167 0.19597989949748743
2 0.2663316582914573 0.5163316582914573 0.2663316582914573 0.29396984924623115
2 0.11683417085427136 0.8366834170854272 0.23366834170854273 0.32663316582914576
2 0.11055276381909548 0.5565326633165829 0.22110552763819097 0.3743718592964824
2 0.9321608040201005 0.8819095477386935 0.135678391959799 0.23618090452261306
0 0.8919597989949749 0.5464824120603015 0.21608040201005024 0.25879396984924624
0 0.8969849246231156 0.9133165829145728 0.20603015075376885 0.17336683417085427
2 0.8869346733668342 0.6733668341708543 0.22613065326633167 0.38190954773869346
2 0.6293969849246231 0.7273869346733668 0.45979899497487436 0.5452261306532663
2 0.5175879396984925 0.44095477386934673 0.23618090452261306 0.14321608040201006