2 0.25 0.17317708333333334 0.5 0.3463541666666667
0 0.25 0.30859375 0.5 0.2994791666666667
0 0.8645833333333334 0.041666666666666664 0.2708333333333333 0.08333333333333333
2 0.9309895833333334 0.2955729166666667 0.13802083333333334 0.3255208333333333
0 0.6901041666666666 0.1953125 0.3802083333333333 0.390625
2 0.7330729166666666 0.3294270833333333 0.4661458333333333 0.2578125
0 0.3697916666666667 0.5078125 0.2604166666666667 0.09895833333333333
2 0.39453125 0.8203125 0.2109375 0.359375
2 0.109375 0.4752604166666667 0.14583333333333334 0.033854166666666664
0 0.19791666666666666 0.90234375 0.3958333333333333 0.1953125
0 0.6588541666666666 0.58984375 0.3177083333333333 0.2630208333333333
2 0.75 0.58984375 0.5 0.2630208333333333
2 0.7955729166666666 0.8346354166666666 0.4088541666666667 0.3307291666666667