2 0.08118556701030928 0.2190721649484536 0.16237113402061856 0.4381443298969072
0 0.18556701030927836 0.27448453608247425 0.36597938144329895 0.327319587628866
2 0.586340206185567 0.14304123711340205 0.19329896907216496 0.25257731958762886
2 0.49097938144329895 0.31056701030927836 0.24484536082474226 0.2551546391752577
0 0.8041237113402062 0.23324742268041238 0.3917525773195876 0.3118556701030928
2 0.8414948453608248 0.15335051546391754 0.3170103092783505 0.19845360824742267
0 0.7474226804123711 0.3492268041237113 0.5051546391752577 0.17783505154639176
0 0.18041237113402062 0.6417525773195877 0.36082474226804123 0.4072164948453608
0 0.09536082474226804 0.9188144329896907 0.19072164948453607 0.16237113402061856
2 0.2551546391752577 0.9445876288659794 0.2268041237113402 0.11082474226804123
0 0.422680412371134 0.5592783505154639 0.10824742268041238 0.14948453608247422
0 0.5077319587628866 0.5180412371134021 0.20618556701030927 0.15979381443298968
2 0.586340206185567 0.8389175257731959 0.43556701030927836 0.32216494845360827
2 0.8994845360824743 0.6804123711340206 0.20103092783505155 0.4845360824742268