0 0.19791666666666666 0.42578125 0.3958333333333333 0.2265625
0 0.6171875 0.4140625 0.140625 0.25
0 0.8098958333333334 0.4140625 0.24479166666666666 0.25
2 0.7682291666666666 0.1171875 0.16145833333333334 0.234375
2 0.7760416666666666 0.21744791666666666 0.17708333333333334 0.2838541666666667
2 0.9322916666666666 0.39453125 0.13541666666666666 0.20572916666666666
0 0.38671875 0.89453125 0.3776041666666667 0.2109375
2 0.2747395833333333 0.7565104166666666 0.5494791666666666 0.4348958333333333
2 0.5950520833333334 0.76953125 0.18489583333333334 0.4609375
0 0.7903645833333334 0.89453125 0.20572916666666666 0.2109375
0 0.9075520833333334 0.62109375 0.18489583333333334 0.1640625
0 0.9010416666666666 0.61328125 0.19791666666666666 0.1484375