0 0.8857868020304569 0.22715736040609136 0.22842639593908629 0.3629441624365482
2 0.6776649746192893 0.23730964467005075 0.18274111675126903 0.25888324873096447
0 0.4543147208121827 0.3248730964467005 0.39086294416243655 0.16751269035532995
0 0.4289340101522843 0.1967005076142132 0.3401015228426396 0.2512690355329949
0 0.39086294416243655 0.07106598984771574 0.2639593908629442 0.14213197969543148
0 0.21573604060913706 0.6408629441624365 0.08629441624365482 0.3477157360406091
0 0.116751269035533 0.7982233502538071 0.233502538071066 0.4035532994923858
0 0.7715736040609137 0.817258883248731 0.45685279187817257 0.36548223350253806
0 0.9073604060913706 0.434010152284264 0.18527918781725888 0.050761421319796954
0 0.7652284263959391 0.5393401015228426 0.46954314720812185 0.2614213197969543
0 0.4403553299492386 0.8642131979695431 0.3629441624365482 0.2715736040609137
2 0.399746192893401 0.5824873096446701 0.2817258883248731 0.3477157360406091
0 0.4022842639593909 0.7055837563451777 0.2868020304568528 0.14213197969543148