0 0.14948453608247422 0.5064432989690721 0.29896907216494845 0.2860824742268041
2 0.40335051546391754 0.5644329896907216 0.20876288659793815 0.17010309278350516
2 0.4007731958762887 0.07603092783505154 0.2036082474226804 0.15206185567010308
2 0.4213917525773196 0.2551546391752577 0.24484536082474226 0.3402061855670103
2 0.7010309278350515 0.5360824742268041 0.5979381443298969 0.2268041237113402
2 0.720360824742268 0.46649484536082475 0.3917525773195876 0.18041237113402062
0 0.7577319587628866 0.452319587628866 0.4845360824742268 0.3170103092783505
2 0.14948453608247422 0.8492268041237113 0.29896907216494845 0.3015463917525773
0 0.14948453608247422 0.8943298969072165 0.29896907216494845 0.211340206185567
2 0.14948453608247422 0.7757731958762887 0.29896907216494845 0.25257731958762886
0 0.5476804123711341 0.9355670103092784 0.49742268041237114 0.12886597938144329
0 0.5682989690721649 0.8247422680412371 0.538659793814433 0.35051546391752575