0 0.06463414634146342 0.24390243902439024 0.12926829268292683 0.2926829268292683
2 0.3878048780487805 0.17682926829268292 0.6439024390243903 0.35365853658536583
0 0.1048780487804878 0.4524390243902439 0.2097560975609756 0.1926829268292683
2 0.31585365853658537 0.44634146341463415 0.36341463414634145 0.2048780487804878
2 0.8548780487804878 0.08292682926829269 0.29024390243902437 0.16585365853658537
0 0.7707317073170732 0.41829268292682925 0.1073170731707317 0.26097560975609757
2 0.9024390243902439 0.48292682926829267 0.1951219512195122 0.13170731707317074
0 0.42560975609756097 0.7658536585365854 0.5682926829268292 0.43414634146341463
0 0.7878048780487805 0.6707317073170732 0.15609756097560976 0.24390243902439024
2 0.7878048780487805 0.6780487804878049 0.15609756097560976 0.25853658536585367
2 0.9280487804878049 0.6536585365853659 0.14390243902439023 0.2097560975609756
0 0.8256097560975609 0.8841463414634146 0.23170731707317074 0.23170731707317074