0 0.12804878048780488 0.1 0.25121951219512195 0.2
2 0.07682926829268293 0.1 0.15365853658536585 0.2
0 0.21097560975609755 0.1 0.15365853658536585 0.2
0 0.6207317073170732 0.10609756097560975 0.18292682926829268 0.1878048780487805
2 0.12926829268292683 0.5548780487804879 0.25853658536585367 0.348780487804878
0 0.14390243902439023 0.8475609756097561 0.28780487804878047 0.3048780487804878
2 0.6231707317073171 0.21707317073170732 0.21707317073170732 0.03414634146341464
0 0.8890243902439025 0.33170731707317075 0.22195121951219512 0.2634146341463415
0 0.43658536585365854 0.7 0.2975609756097561 0.6
0 0.5817073170731707 0.573170731707317 0.3048780487804878 0.32926829268292684
0 0.8182926829268292 0.6804878048780488 0.36341463414634145 0.6390243902439025