0 0.5172872340425532 0.1875 0.125 0.1622340425531915
2 0.4787234042553192 0.09574468085106383 0.11702127659574468 0.19148936170212766
0 0.24335106382978725 0.3617021276595745 0.4867021276595745 0.17553191489361702
2 0.23670212765957446 0.18882978723404256 0.4734042553191489 0.3776595744680851
0 0.22074468085106383 0.09441489361702128 0.44148936170212766 0.18882978723404256
2 0.6901595744680851 0.3324468085106383 0.22074468085106383 0.23404255319148937
0 0.42819148936170215 0.8257978723404256 0.30319148936170215 0.26861702127659576
2 0.4321808510638298 0.5957446808510638 0.29521276595744683 0.2925531914893617
0 0.3949468085106383 0.4920212765957447 0.3696808510638298 0.0851063829787234
0 0.13962765957446807 0.6502659574468085 0.27925531914893614 0.4015957446808511
2 0.6954787234042553 0.9667553191489362 0.23138297872340424 0.06648936170212766
0 0.7898936170212766 0.6289893617021277 0.42021276595744683 0.35904255319148937