2 0.4793814432989691 0.1481958762886598 0.18041237113402062 0.2963917525773196
2 0.1172680412371134 0.15206185567010308 0.2345360824742268 0.30412371134020616
2 0.32603092783505155 0.14432989690721648 0.2706185567010309 0.28865979381443296
0 0.24613402061855671 0.4252577319587629 0.49226804123711343 0.4072164948453608
0 0.6585051546391752 0.31443298969072164 0.17783505154639176 0.6288659793814433
0 0.35051546391752575 0.7087628865979382 0.4381443298969072 0.15979381443298968
2 0.3865979381443299 0.8569587628865979 0.36597938144329895 0.2860824742268041
2 0.13659793814432988 0.8556701030927835 0.27319587628865977 0.28865979381443296
0 0.8878865979381443 0.8144329896907216 0.22422680412371135 0.3711340206185567
0 0.6559278350515464 0.8144329896907216 0.17268041237113402 0.3711340206185567
2 0.7345360824742269 0.875 0.32989690721649484 0.25