0 0.19642857142857142 0.10459183673469388 0.39285714285714285 0.20918367346938777
2 0.2971938775510204 0.10459183673469388 0.20153061224489796 0.20918367346938777
2 0.625 0.10459183673469388 0.413265306122449 0.20918367346938777
0 0.8367346938775511 0.10459183673469388 0.32653061224489793 0.20918367346938777
2 0.1441326530612245 0.3278061224489796 0.288265306122449 0.2372448979591837
0 0.2461734693877551 0.4923469387755102 0.30357142857142855 0.5663265306122449
0 0.19005102040816327 0.8711734693877551 0.38010204081632654 0.2576530612244898
0 0.23214285714285715 0.8775510204081632 0.2857142857142857 0.24489795918367346
2 0.08673469387755102 0.8392857142857143 0.17346938775510204 0.32142857142857145
0 0.7895408163265306 0.4030612244897959 0.3239795918367347 0.3877551020408163
2 0.9247448979591837 0.45918367346938777 0.15051020408163265 0.5
2 0.5178571428571429 0.7232142857142857 0.23979591836734693 0.42091836734693877
2 0.8915816326530612 0.8176020408163265 0.21683673469387754 0.3647959183673469