2 0.2076923076923077 0.17435897435897435 0.24102564102564103 0.3487179487179487
0 0.41923076923076924 0.17435897435897435 0.18205128205128204 0.3487179487179487
2 0.7756410256410257 0.2794871794871795 0.44871794871794873 0.13846153846153847
2 0.6641025641025641 0.17435897435897435 0.6717948717948717 0.3487179487179487
0 0.09743589743589744 0.9397435897435897 0.19487179487179487 0.12051282051282051
0 0.1641025641025641 0.9064102564102564 0.3282051282051282 0.18717948717948718
2 0.1641025641025641 0.573076923076923 0.3282051282051282 0.44871794871794873
0 0.27564102564102566 0.47435897435897434 0.10512820512820513 0.2512820512820513
2 0.6384615384615384 0.9192307692307692 0.2717948717948718 0.16153846153846155
0 0.7897435897435897 0.8358974358974359 0.30256410256410254 0.22564102564102564
2 0.6025641025641025 0.573076923076923 0.5487179487179488 0.44871794871794873
2 0.8692307692307693 0.5371794871794872 0.26153846153846155 0.3769230769230769