2 0.27941176470588236 0.06016042780748663 0.2647058823529412 0.12032085561497326
0 0.1163101604278075 0.06550802139037433 0.232620320855615 0.13101604278074866
0 0.1323529411764706 0.26737967914438504 0.2647058823529412 0.32085561497326204
2 0.7887700534759359 0.14304812834224598 0.24064171122994651 0.28609625668449196
2 0.8770053475935828 0.36363636363636365 0.24598930481283424 0.12834224598930483
2 0.7473262032085561 0.32887700534759357 0.15775401069518716 0.19786096256684493
2 0.46390374331550804 0.7820855614973262 0.24331550802139038 0.4358288770053476
0 0.20989304812834225 0.7553475935828877 0.4197860962566845 0.4893048128342246
0 0.7794117647058824 0.49866310160427807 0.16844919786096257 0.14171122994652408
0 0.8529411764705882 0.45454545454545453 0.08021390374331551 0.053475935828877004
0 0.7994652406417112 0.45588235294117646 0.0748663101604278 0.05614973262032086