0 0.35714285714285715 0.14039408866995073 0.4236453201970443 0.28078817733990147
0 0.08251231527093596 0.07389162561576355 0.16502463054187191 0.1477832512315271
2 0.21305418719211822 0.24261083743842365 0.2881773399014778 0.13054187192118227
0 0.39285714285714285 0.25738916256157635 0.3522167487684729 0.10098522167487685
2 0.6502463054187192 0.07142857142857142 0.1625615763546798 0.14285714285714285
0 0.5147783251231527 0.625615763546798 0.10837438423645321 0.5073891625615764
2 0.45320197044334976 0.604679802955665 0.2315270935960591 0.5098522167487685
0 0.07512315270935961 0.5369458128078818 0.15024630541871922 0.458128078817734
2 0.03571428571428571 0.646551724137931 0.07142857142857142 0.21921182266009853
2 0.29064039408866993 0.8793103448275862 0.5566502463054187 0.2413793103448276
2 0.7992610837438424 0.45566502463054187 0.16995073891625614 0.2955665024630542
0 0.8940886699507389 0.4766009852216749 0.21182266009852216 0.3374384236453202
2 0.9298029556650246 0.854679802955665 0.14039408866995073 0.29064039408866993
0 0.8004926108374384 0.9137931034482759 0.39901477832512317 0.1724137931034483