0 0.45365853658536587 0.05609756097560976 0.17073170731707318 0.11219512195121951
2 0.39634146341463417 0.14390243902439023 0.13414634146341464 0.25365853658536586
2 0.20853658536585365 0.13170731707317074 0.08536585365853659 0.2634146341463415
2 0.37926829268292683 0.4353658536585366 0.3195121951219512 0.4268292682926829
2 0.13902439024390245 0.4451219512195122 0.2780487804878049 0.4073170731707317
2 0.8975609756097561 0.2097560975609756 0.2048780487804878 0.28292682926829266
0 0.901219512195122 0.47804878048780486 0.1975609756097561 0.34146341463414637
0 0.6219512195121951 0.46707317073170734 0.16585365853658537 0.3
2 0.13048780487804879 0.824390243902439 0.26097560975609757 0.35121951219512193
0 0.2573170731707317 0.824390243902439 0.3195121951219512 0.35121951219512193
0 0.8207317073170731 0.824390243902439 0.35853658536585364 0.35121951219512193
0 0.6231707317073171 0.824390243902439 0.16829268292682928 0.35121951219512193