2 0.08374384236453201 0.09113300492610837 0.16748768472906403 0.18226600985221675
0 0.29926108374384236 0.11945812807881774 0.3620689655172414 0.23891625615763548
0 0.2672413793103448 0.5012315270935961 0.2832512315270936 0.05665024630541872
0 0.24876847290640394 0.4408866995073892 0.47783251231527096 0.17733990147783252
0 0.9408866995073891 0.11822660098522167 0.11822660098522167 0.23645320197044334
2 0.7167487684729064 0.17364532019704434 0.458128078817734 0.3472906403940887
0 0.7229064039408867 0.39285714285714285 0.47044334975369456 0.2733990147783251
2 0.8275862068965517 0.4482758620689655 0.3448275862068966 0.1625615763546798
2 0.2438423645320197 0.6022167487684729 0.4876847290640394 0.14532019704433496
2 0.2660098522167488 0.896551724137931 0.4433497536945813 0.20689655172413793
0 0.8903940886699507 0.7192118226600985 0.21921182266009853 0.3497536945812808
2 0.6354679802955665 0.5985221674876847 0.2955665024630542 0.13793103448275862
2 0.7056650246305419 0.8041871921182266 0.43596059113300495 0.3916256157635468