2 0.4576923076923077 0.10128205128205128 0.44358974358974357 0.20256410256410257
2 0.1346153846153846 0.15384615384615385 0.2692307692307692 0.3076923076923077
0 0.8948717948717949 0.23974358974358975 0.21025641025641026 0.1358974358974359
0 0.7782051282051282 0.25384615384615383 0.19743589743589743 0.1076923076923077
2 0.5987179487179487 0.7294871794871794 0.16153846153846155 0.33589743589743587
0 0.45 0.6538461538461539 0.45897435897435895 0.6923076923076923
2 0.1371794871794872 0.36923076923076925 0.2743589743589744 0.12307692307692308
0 0.17435897435897435 0.7730769230769231 0.3487179487179487 0.45384615384615384
2 0.11153846153846154 0.8320512820512821 0.2230769230769231 0.33589743589743587
0 0.7730769230769231 0.44487179487179485 0.18717948717948718 0.10512820512820513
2 0.7307692307692307 0.3282051282051282 0.10256410256410256 0.041025641025641026
2 0.8397435897435898 0.8320512820512821 0.32051282051282054 0.33589743589743587