0 0.17401960784313725 0.17034313725490197 0.3480392156862745 0.34068627450980393
2 0.13725490196078433 0.4840686274509804 0.27450980392156865 0.33088235294117646
0 0.3713235294117647 0.5870098039215687 0.04656862745098039 0.125
2 0.36642156862745096 0.5281862745098039 0.03676470588235294 0.2034313725490196
0 0.9031862745098039 0.11397058823529412 0.19362745098039216 0.22794117647058823
2 0.9093137254901961 0.38235294117647056 0.18137254901960784 0.20098039215686275
0 0.12867647058823528 0.7941176470588235 0.22794117647058823 0.28921568627450983
0 0.2757352941176471 0.7279411764705882 0.14460784313725492 0.1568627450980392
2 0.28308823529411764 0.8762254901960784 0.12990196078431374 0.17892156862745098
0 0.5894607843137255 0.7242647058823529 0.3161764705882353 0.14950980392156862
2 0.8946078431372549 0.7120098039215687 0.2107843137254902 0.125