2 0.3431372549019608 0.2340686274509804 0.2696078431372549 0.4681372549019608
2 0.10294117647058823 0.10049019607843138 0.20588235294117646 0.20098039215686275
2 0.15441176470588236 0.32965686274509803 0.28431372549019607 0.2769607843137255
2 0.741421568627451 0.041666666666666664 0.4632352941176471 0.08333333333333333
2 0.7671568627450981 0.3088235294117647 0.46568627450980393 0.31862745098039214
0 0.3137254901960784 0.5625 0.3284313725490196 0.18872549019607843
2 0.0784313725490196 0.6556372549019608 0.1568627450980392 0.375
2 0.1482843137254902 0.866421568627451 0.2965686274509804 0.26715686274509803
0 0.7573529411764706 0.5906862745098039 0.46568627450980393 0.24509803921568626
2 0.7843137254901961 0.8186274509803921 0.43137254901960786 0.3627450980392157
0 0.7806372549019608 0.7928921568627451 0.4387254901960784 0.36519607843137253