2 0.3548387096774194 0.11155913978494623 0.13440860215053763 0.12096774193548387
2 0.5174731182795699 0.3978494623655914 0.1424731182795699 0.20430107526881722
2 0.4879032258064516 0.2513440860215054 0.20161290322580644 0.2553763440860215
2 0.1975806451612903 0.3575268817204301 0.3951612903225806 0.2849462365591398
0 0.9516129032258065 0.17876344086021506 0.0967741935483871 0.32526881720430106
0 0.75 0.25 0.3225806451612903 0.5
0 0.385752688172043 0.5833333333333334 0.28763440860215056 0.16666666666666666
2 0.510752688172043 0.581989247311828 0.15591397849462366 0.1639784946236559
2 0.08064516129032258 0.75 0.16129032258064516 0.5
0 0.7688172043010753 0.6344086021505376 0.3602150537634409 0.26881720430107525
2 0.7943548387096774 0.8508064516129032 0.4112903225806452 0.29838709677419356