0 0.41494845360824745 0.08118556701030928 0.08762886597938144 0.16237113402061856
2 0.21649484536082475 0.1172680412371134 0.4329896907216495 0.2345360824742268
2 0.211340206185567 0.3402061855670103 0.422680412371134 0.31958762886597936
0 0.9677835051546392 0.32216494845360827 0.06443298969072164 0.13917525773195877
2 0.5734536082474226 0.24742268041237114 0.22938144329896906 0.4948453608247423
2 0.7873711340206185 0.4536082474226804 0.19845360824742267 0.09278350515463918
2 0.3324742268041237 0.604381443298969 0.25257731958762886 0.20876288659793815
0 0.3698453608247423 0.8672680412371134 0.17783505154639176 0.2654639175257732
2 0.11211340206185567 0.8904639175257731 0.22422680412371135 0.2190721649484536
2 0.8827319587628866 0.7654639175257731 0.2345360824742268 0.4690721649484536
0 0.9600515463917526 0.75 0.07989690721649484 0.5
2 0.6520618556701031 0.8621134020618557 0.3865979381443299 0.2757731958762887