2 0.3907894736842105 0.18947368421052632 0.21842105263157896 0.37894736842105264
0 0.14342105263157895 0.35526315789473684 0.2868421052631579 0.2894736842105263
2 0.33157894736842103 0.4276315789473684 0.2789473684210526 0.14473684210526316
0 0.38552631578947366 0.40789473684210525 0.22894736842105262 0.18421052631578946
0 0.7881578947368421 0.25526315789473686 0.18157894736842106 0.3236842105263158
2 0.6842105263157895 0.24868421052631579 0.3263157894736842 0.3263157894736842
0 0.9105263157894737 0.24078947368421053 0.17894736842105263 0.48157894736842105
2 0.125 0.6684210526315789 0.25 0.3368421052631579
0 0.14342105263157895 0.6657894736842105 0.2868421052631579 0.33157894736842103
0 0.47368421052631576 0.6368421052631579 0.05263157894736842 0.2736842105263158
0 0.4421052631578947 0.7105263157894737 0.11578947368421053 0.42105263157894735
2 0.09868421052631579 0.8947368421052632 0.19736842105263158 0.21052631578947367
0 0.3026315789473684 0.9210526315789473 0.39473684210526316 0.15789473684210525
2 0.7144736842105263 0.6960526315789474 0.17105263157894737 0.39210526315789473
0 0.5986842105263158 0.6986842105263158 0.19736842105263158 0.3973684210526316
2 0.6644736842105263 0.9618421052631579 0.20789473684210527 0.07631578947368421