2 0.14078947368421052 0.3223684210526316 0.2657894736842105 0.11315789473684211
2 0.3815789473684211 0.23157894736842105 0.08421052631578947 0.14736842105263157
0 0.4144736842105263 0.35 0.15 0.05789473684210526
0 0.8381578947368421 0.28157894736842104 0.3236842105263158 0.19473684210526315
0 0.02631578947368421 0.4934210526315789 0.05263157894736842 0.19210526315789472
2 0.16973684210526316 0.8473684210526315 0.3394736842105263 0.18947368421052632
0 0.37763157894736843 0.5881578947368421 0.07631578947368421 0.3763157894736842
2 0.5105263157894737 0.6407894736842106 0.18947368421052632 0.2631578947368421
0 0.7855263157894737 0.5355263157894737 0.42894736842105263 0.3131578947368421
0 0.7855263157894737 0.7473684210526316 0.42894736842105263 0.25263157894736843
0 0.8065789473684211 0.906578947368421 0.3868421052631579 0.1868421052631579