2 0.40789473684210525 0.018421052631578946 0.3631578947368421 0.03684210526315789
0 0.325 0.14078947368421052 0.46578947368421053 0.28157894736842104
2 0.30394736842105263 0.5947368421052631 0.5710526315789474 0.18947368421052632
2 0.05789473684210526 0.13289473684210526 0.11578947368421053 0.2657894736842105
0 0.8144736842105263 0.1513157894736842 0.3605263157894737 0.28421052631578947
2 0.9078947368421053 0.5947368421052631 0.18421052631578946 0.18947368421052632
0 0.7855263157894737 0.6355263157894737 0.2131578947368421 0.10789473684210527
2 0.5723684210526315 0.7473684210526316 0.034210526315789476 0.11578947368421053
0 0.3394736842105263 0.8631578947368421 0.5 0.2736842105263158
2 0.7592105263157894 0.7710526315789473 0.3394736842105263 0.1631578947368421
0 0.7355263157894737 0.8868421052631579 0.29210526315789476 0.22631578947368422