2 0.16973684210526316 0.45921052631578946 0.3394736842105263 0.19736842105263158
0 0.24605263157894736 0.3973684210526316 0.1868421052631579 0.32105263157894737
2 0.37105263157894736 0.25263157894736843 0.06315789473684211 0.43157894736842106
0 0.5855263157894737 0.04473684210526316 0.3026315789473684 0.08947368421052632
0 0.6697368421052632 0.4039473684210526 0.6605263157894737 0.3078947368421053
2 0.2131578947368421 0.7013157894736842 0.20526315789473684 0.1368421052631579
0 0.28157894736842104 0.7789473684210526 0.11578947368421053 0.4421052631578947
0 0.4618421052631579 0.8789473684210526 0.24473684210526317 0.24210526315789474
2 0.718421052631579 0.9513157894736842 0.25263157894736843 0.09736842105263158
0 0.6618421052631579 0.6592105263157895 0.6447368421052632 0.2026315789473684
0 0.8881578947368421 0.9263157894736842 0.2236842105263158 0.14736842105263157