0 0.5371287128712872 0.0853960396039604 0.28217821782178215 0.1707920792079208
2 0.5655940594059405 0.15099009900990099 0.22524752475247525 0.15346534653465346
0 0.5792079207920792 0.4158415841584158 0.19801980198019803 0.3465346534653465
2 0.27351485148514854 0.17574257425742573 0.42326732673267325 0.35148514851485146
2 0.3131188118811881 0.5012376237623762 0.6262376237623762 0.41336633663366334
2 0.9566831683168316 0.35396039603960394 0.08663366336633663 0.7079207920792079
0 0.8391089108910891 0.39603960396039606 0.3217821782178218 0.37623762376237624
0 0.4121287128712871 0.8539603960396039 0.5321782178217822 0.29207920792079206
0 0.11138613861386139 0.8514851485148515 0.22277227722772278 0.16336633663366337
2 0.07549504950495049 0.9220297029702971 0.15099009900990099 0.1311881188118812
2 0.8403465346534653 0.8935643564356436 0.3193069306930693 0.21287128712871287
0 0.7735148514851485 0.9727722772277227 0.14108910891089108 0.054455445544554455