2 0.18947368421052632 0.14078947368421052 0.3 0.28157894736842104
0 0.2381578947368421 0.4394736842105263 0.2026315789473684 0.3631578947368421
2 0.23684210526315788 0.5710526315789474 0.20526315789473684 0.11578947368421053
2 0.8368421052631579 0.06710526315789474 0.3263157894736842 0.13421052631578947
0 0.8342105263157895 0.11578947368421053 0.33157894736842103 0.23157894736842105
0 0.8236842105263158 0.38552631578947366 0.3526315789473684 0.4236842105263158
2 0.5118421052631579 0.10394736842105264 0.3447368421052632 0.20789473684210527
2 0.5092105263157894 0.3973684210526316 0.3394736842105263 0.4631578947368421
2 0.24342105263157895 0.8565789473684211 0.19210526315789472 0.2868421052631579
0 0.25 0.7131578947368421 0.17894736842105263 0.16842105263157894
2 0.08552631578947369 0.8197368421052632 0.17105263157894737 0.3605263157894737
0 0.6421052631578947 0.7868421052631579 0.6052631578947368 0.3157894736842105