2 0.6076732673267327 0.12004950495049505 0.1608910891089109 0.2400990099009901
0 0.5668316831683168 0.19925742574257427 0.24257425742574257 0.3886138613861386
0 0.15717821782178218 0.15841584158415842 0.31435643564356436 0.31683168316831684
2 0.3787128712871287 0.422029702970297 0.4306930693069307 0.17574257425742573
2 0.1373762376237624 0.38366336633663367 0.2747524752475248 0.2524752475247525
2 0.844059405940594 0.21905940594059406 0.3118811881188119 0.4381188118811881
2 0.844059405940594 0.4319306930693069 0.3118811881188119 0.15594059405940594
2 0.6646039603960396 0.6150990099009901 0.04702970297029703 0.2004950495049505
0 0.25123762376237624 0.6014851485148515 0.5024752475247525 0.18316831683168316
2 0.5 0.8712871287128713 0.2079207920792079 0.25742574257425743
2 0.37995049504950495 0.8329207920792079 0.10891089108910891 0.2896039603960396
0 0.18564356435643564 0.870049504950495 0.3712871287128713 0.2599009900990099
0 0.7487623762376238 0.5742574257425742 0.12128712871287128 0.12871287128712872
2 0.9146039603960396 0.6163366336633663 0.11138613861386139 0.10396039603960396
2 0.7178217821782178 0.801980198019802 0.0594059405940594 0.39603960396039606