2 0.06674757281553398 0.13470873786407767 0.13349514563106796 0.26941747572815533
2 0.6990291262135923 0.13470873786407767 0.6019417475728155 0.26941747572815533
2 0.2669902912621359 0.375 0.2621359223300971 0.2111650485436893
0 0.08373786407766991 0.9563106796116505 0.16747572815533981 0.08737864077669903
2 0.0825242718446602 0.8361650485436893 0.1650485436893204 0.3276699029126214
0 0.05218446601941747 0.4538834951456311 0.10436893203883495 0.36893203883495146
2 0.8762135922330098 0.6759708737864077 0.24757281553398058 0.24029126213592233
2 0.8240291262135923 0.3713592233009709 0.35194174757281554 0.20388349514563106
2 0.6177184466019418 0.7354368932038835 0.4393203883495146 0.529126213592233
2 0.6432038834951457 0.38470873786407767 0.22330097087378642 0.23058252427184467
0 0.5716019417475728 0.40898058252427183 0.3470873786407767 0.279126213592233