0 0.06550802139037433 0.2967914438502674 0.13101604278074866 0.18181818181818182
2 0.25133689839572193 0.19385026737967914 0.4919786096256685 0.3877005347593583
0 0.4090909090909091 0.19385026737967914 0.2994652406417112 0.3877005347593583
0 0.7794117647058824 0.13368983957219252 0.4411764705882353 0.26737967914438504
2 0.7794117647058824 0.26737967914438504 0.4411764705882353 0.24064171122994651
0 0.040106951871657755 0.4264705882352941 0.08021390374331551 0.07754010695187166
2 0.18983957219251338 0.46657754010695185 0.1657754010695187 0.15775401069518716
0 0.4304812834224599 0.5735294117647058 0.25668449197860965 0.3716577540106952
0 0.11764705882352941 0.9024064171122995 0.23529411764705882 0.19518716577540107
0 0.43983957219251335 0.8181818181818182 0.23796791443850268 0.36363636363636365
0 0.6323529411764706 0.8048128342245989 0.14705882352941177 0.3689839572192513
2 0.6858288770053476 0.8088235294117647 0.13636363636363635 0.2192513368983957
2 0.9131016042780749 0.6657754010695187 0.17379679144385027 0.5561497326203209