0 0.4618226600985222 0.22660098522167488 0.29310344827586204 0.45320197044334976
2 0.4396551724137931 0.35344827586206895 0.20935960591133004 0.2019704433497537
0 0.0812807881773399 0.2019704433497537 0.1625615763546798 0.4039408866995074
2 0.07142857142857142 0.21921182266009853 0.14285714285714285 0.43842364532019706
0 0.8041871921182266 0.43349753694581283 0.3916256157635468 0.1330049261083744
0 0.41995073891625617 0.5911330049261084 0.2438423645320197 0.18226600985221675
0 0.5307881773399015 0.5443349753694581 0.07635467980295567 0.08866995073891626
0 0.4815270935960591 0.5492610837438424 0.06157635467980296 0.09852216748768473
2 0.3251231527093596 0.729064039408867 0.12807881773399016 0.2438423645320197
2 0.13669950738916256 0.6798029556650246 0.07635467980295567 0.35960591133004927
2 0.3830049261083744 0.9113300492610837 0.45073891625615764 0.17733990147783252
0 0.9347290640394089 0.7007389162561576 0.13054187192118227 0.4014778325123153
2 0.7032019704433498 0.6982758620689655 0.1896551724137931 0.39655172413793105