2 0.1801470588235294 0.1801470588235294 0.3602941176470588 0.3602941176470588
2 0.18382352941176472 0.3737745098039216 0.36764705882352944 0.12990196078431374
2 0.8651960784313726 0.06372549019607843 0.14215686274509803 0.12745098039215685
2 0.9375 0.10784313725490197 0.125 0.1323529411764706
2 0.6813725490196079 0.30637254901960786 0.16176470588235295 0.2647058823529412
2 0.553921568627451 0.26838235294117646 0.0661764705882353 0.2867647058823529
2 0.43014705882352944 0.5686274509803921 0.07598039215686274 0.25980392156862747
0 0.05759803921568627 0.5441176470588235 0.11519607843137254 0.2107843137254902
0 0.14338235294117646 0.7855392156862745 0.2818627450980392 0.2916666666666667
0 0.7573529411764706 0.5674019607843137 0.08333333333333333 0.25735294117647056
0 0.7610294117647058 0.883578431372549 0.09558823529411764 0.23284313725490197