2 0.2972636815920398 0.5845771144278606 0.16169154228855723 0.20398009950248755
0 0.263681592039801 0.16791044776119404 0.22885572139303484 0.3358208955223881
0 0.09825870646766169 0.2263681592039801 0.19651741293532338 0.4527363184079602
0 0.753731343283582 0.5236318407960199 0.3383084577114428 0.1890547263681592
2 0.931592039800995 0.09079601990049752 0.13681592039800994 0.18159203980099503
0 0.4925373134328358 0.5223880597014925 0.22885572139303484 0.35323383084577115
2 0.5597014925373134 0.21393034825870647 0.19900497512437812 0.22885572139303484
0 0.4166666666666667 0.2512437810945274 0.07711442786069651 0.26865671641791045
0 0.1828358208955224 0.8731343283582089 0.3656716417910448 0.2537313432835821
2 0.6592039800995025 0.849502487562189 0.5621890547263682 0.3009950248756219
2 0.6828358208955224 0.7574626865671642 0.6094527363184079 0.11691542288557213