0 0.3231707317073171 0.07073170731707316 0.4658536585365854 0.14146341463414633
2 0.8475609756097561 0.046341463414634146 0.07560975609756097 0.09268292682926829
2 0.7268292682926829 0.09390243902439024 0.17560975609756097 0.1878048780487805
0 0.723170731707317 0.19390243902439025 0.16829268292682928 0.3878048780487805
0 0.48902439024390243 0.5768292682926829 0.3 0.3780487804878049
2 0.4073170731707317 0.4719512195121951 0.4634146341463415 0.16829268292682928
2 0.37317073170731707 0.8719512195121951 0.5317073170731708 0.25609756097560976
2 0.06219512195121951 0.6414634146341464 0.12439024390243902 0.35121951219512193
0 0.06463414634146342 0.5439024390243903 0.12926829268292683 0.3121951219512195
2 0.7841463414634147 0.5219512195121951 0.29024390243902437 0.2682926829268293
0 0.7780487804878049 0.848780487804878 0.2780487804878049 0.3024390243902439