0 0.3669950738916256 0.0480295566502463 0.1625615763546798 0.0960591133004926
0 0.39532019704433496 0.16625615763546797 0.10591133004926108 0.33251231527093594
2 0.16995073891625614 0.12438423645320197 0.3399014778325123 0.24876847290640394
0 0.17733990147783252 0.35591133004926107 0.35467980295566504 0.46551724137931033
2 0.25492610837438423 0.4088669950738916 0.3866995073891626 0.35960591133004927
0 0.7241379310344828 0.1810344827586207 0.5517241379310345 0.3620689655172414
0 0.8866995073891626 0.4987684729064039 0.22660098522167488 0.17980295566502463
0 0.7278325123152709 0.4211822660098522 0.5443349753694581 0.33497536945812806
0 0.3472906403940887 0.8189655172413793 0.2019704433497537 0.3620689655172414
0 0.01847290640394089 0.7192118226600985 0.03694581280788178 0.23645320197044334
2 0.6539408866995073 0.6576354679802956 0.4014778325123153 0.13793103448275862
2 0.6600985221674877 0.8399014778325123 0.4236453201970443 0.32019704433497537