2 0.21065989847715735 0.233502538071066 0.4213197969543147 0.19289340101522842
0 0.3020304568527919 0.30456852791878175 0.29949238578680204 0.050761421319796954
0 0.6027918781725888 0.2436548223350254 0.33248730964467005 0.17258883248730963
0 0.8870558375634517 0.01015228426395939 0.22588832487309646 0.02030456852791878
2 0.9137055837563451 0.04568527918781726 0.17258883248730963 0.09137055837563451
0 0.20939086294416243 0.6091370558375635 0.2868020304568528 0.11928934010152284
2 0.4289340101522843 0.5799492385786802 0.10152284263959391 0.116751269035533
2 0.6979695431472082 0.41878172588832485 0.14213197969543148 0.17766497461928935
2 0.5736040609137056 0.4403553299492386 0.2131979695431472 0.22081218274111675
2 0.649746192893401 0.7601522842639594 0.23857868020304568 0.3477157360406091
0 0.6192893401015228 0.9213197969543148 0.29949238578680204 0.15736040609137056