2 0.15968586387434555 0.19109947643979058 0.3193717277486911 0.38219895287958117
0 0.14397905759162305 0.30497382198952877 0.2879581151832461 0.18586387434554974
2 0.8337696335078534 0.21596858638743455 0.3324607329842932 0.34293193717277487
2 0.5536649214659686 0.19895287958115182 0.3324607329842932 0.39790575916230364
0 0.15837696335078533 0.5942408376963351 0.31675392670157065 0.225130890052356
0 0.193717277486911 0.5641361256544503 0.387434554973822 0.3324607329842932
2 0.9201570680628273 0.6989528795811518 0.15968586387434555 0.13612565445026178
2 0.8455497382198953 0.5824607329842932 0.3089005235602094 0.20680628272251309
0 0.743455497382199 0.49476439790575916 0.3193717277486911 0.193717277486911
0 0.7513089005235603 0.9136125654450262 0.4973821989528796 0.17277486910994763
2 0.4856020942408377 0.5431937172774869 0.19633507853403143 0.2905759162303665
0 0.48429319371727747 0.8232984293193717 0.193717277486911 0.35340314136125656