0 0.5279187817258884 0.02284263959390863 0.3604060913705584 0.04568527918781726
0 0.5152284263959391 0.35786802030456855 0.38578680203045684 0.5025380710659898
2 0.1814720812182741 0.06852791878172589 0.3629441624365482 0.13705583756345177
0 0.18274111675126903 0.3248730964467005 0.36548223350253806 0.4720812182741117
0 0.18274111675126903 0.49111675126903553 0.36548223350253806 0.23604060913705585
2 0.8540609137055838 0.4010152284263959 0.2918781725888325 0.41624365482233505
2 0.32741116751269034 0.6510152284263959 0.5076142131979695 0.08375634517766498
0 0.29441624365482233 0.6522842639593909 0.5888324873096447 0.08629441624365482
0 0.2639593908629442 0.9175126903553299 0.5279187817258884 0.1649746192893401
0 0.8591370558375635 0.8045685279187818 0.2817258883248731 0.39086294416243655
2 0.7436548223350253 0.8045685279187818 0.07106598984771574 0.39086294416243655