2 0.39141414141414144 0.42045454545454547 0.3333333333333333 0.17424242424242425
0 0.31186868686868685 0.4684343434343434 0.49242424242424243 0.07828282828282829
0 0.27904040404040403 0.1919191919191919 0.5580808080808081 0.3838383838383838
0 0.7790404040404041 0.34595959595959597 0.44191919191919193 0.32323232323232326
0 0.7765151515151515 0.09722222222222222 0.43686868686868685 0.19444444444444445
0 0.41792929292929293 0.6818181818181818 0.2803030303030303 0.2777777777777778
2 0.4696969696969697 0.8371212121212122 0.17676767676767677 0.32575757575757575
0 0.16666666666666666 0.8699494949494949 0.23232323232323232 0.2601010101010101
2 0.21085858585858586 0.9772727272727273 0.17929292929292928 0.045454545454545456
2 0.1275252525252525 0.5921717171717171 0.255050505050505 0.1691919191919192
2 0.8522727272727273 0.648989898989899 0.29545454545454547 0.25757575757575757
0 0.6704545454545454 0.7638888888888888 0.22474747474747475 0.4722222222222222