2 0.17786069651741293 0.24378109452736318 0.35572139303482586 0.48756218905472637
2 0.9415422885572139 0.15796019900497513 0.11691542288557213 0.31592039800995025
0 0.9577114427860697 0.21517412935323382 0.0845771144278607 0.4054726368159204
2 0.47885572139303484 0.028606965174129355 0.24129353233830847 0.05721393034825871
2 0.6840796019900498 0.35447761194029853 0.6318407960199005 0.26616915422885573
0 0.2736318407960199 0.7437810945273632 0.1691542288557214 0.5124378109452736
2 0.17786069651741293 0.7972636815920398 0.34577114427860695 0.4054726368159204
2 0.07587064676616916 0.736318407960199 0.1517412935323383 0.4975124378109453
0 0.9402985074626866 0.7400497512437811 0.11940298507462686 0.5049751243781094
2 0.5907960199004975 0.677860696517413 0.4651741293532338 0.3805970149253731
0 0.5062189054726368 0.8482587064676617 0.2960199004975124 0.3034825870646766