0 0.11037234042553191 0.3816489361702128 0.22074468085106383 0.19414893617021275
2 0.13696808510638298 0.21808510638297873 0.1622340425531915 0.27393617021276595
0 0.3603723404255319 0.2393617021276596 0.375 0.4787234042553192
2 0.6476063829787234 0.16622340425531915 0.19946808510638298 0.3324468085106383
2 0.8683510638297872 0.33643617021276595 0.2632978723404255 0.2845744680851064
2 0.9029255319148937 0.15691489361702127 0.19414893617021275 0.17553191489361702
0 0.8776595744680851 0.125 0.24468085106382978 0.25
0 0.07446808510638298 0.9335106382978723 0.14893617021276595 0.13297872340425532
2 0.33643617021276595 0.8843085106382979 0.4228723404255319 0.23138297872340424
2 0.38430851063829785 0.5226063829787234 0.3271276595744681 0.08776595744680851
0 0.33643617021276595 0.5518617021276596 0.4228723404255319 0.14627659574468085
2 0.7021276595744681 0.848404255319149 0.24468085106382978 0.1675531914893617
0 0.8882978723404256 0.7779255319148937 0.22340425531914893 0.4228723404255319
0 0.773936170212766 0.5252659574468085 0.4521276595744681 0.09308510638297872