2 0.5484293193717278 0.20680628272251309 0.08115183246073299 0.2094240837696335
2 0.412303664921466 0.2931937172774869 0.35340314136125656 0.17277486910994763
2 0.34293193717277487 0.058900523560209424 0.49214659685863876 0.11780104712041885
2 0.15706806282722513 0.24345549738219896 0.31413612565445026 0.27225130890052357
2 0.09816753926701571 0.0693717277486911 0.19633507853403143 0.1387434554973822
0 0.09816753926701571 0.0968586387434555 0.19633507853403143 0.193717277486911
0 0.7945026178010471 0.3023560209424084 0.4109947643979058 0.1544502617801047
0 0.7945026178010471 0.2630890052356021 0.4109947643979058 0.23298429319371727
0 0.7945026178010471 0.1243455497382199 0.4109947643979058 0.2486910994764398
2 0.7853403141361257 0.07984293193717278 0.39267015706806285 0.15968586387434555
0 0.3900523560209424 0.8180628272251309 0.39267015706806285 0.36387434554973824
0 0.34293193717277487 0.4803664921465969 0.49214659685863876 0.20157068062827224
0 0.08115183246073299 0.5379581151832461 0.16230366492146597 0.27486910994764396
0 0.07984293193717278 0.5170157068062827 0.15968586387434555 0.27486910994764396
0 0.8259162303664922 0.9201570680628273 0.3481675392670157 0.15968586387434555
2 0.7945026178010471 0.5641361256544503 0.4109947643979058 0.36910994764397903