0 0.21954314720812182 0.22588832487309646 0.43908629441624364 0.40609137055837563
0 0.9631979695431472 0.2969543147208122 0.07360406091370558 0.2639593908629442
0 0.949238578680203 0.21446700507614214 0.10152284263959391 0.4289340101522843
2 0.07868020304568528 0.4467005076142132 0.15736040609137056 0.03553299492385787
2 0.16878172588832488 0.4847715736040609 0.1446700507614213 0.1116751269035533
2 0.22588832487309646 0.43908629441624364 0.08121827411167512 0.02030456852791878
0 0.25380710659898476 0.5532994923857868 0.2893401015228426 0.24873096446700507
2 0.06979695431472081 0.8020304568527918 0.13959390862944163 0.39593908629441626
2 0.2614213197969543 0.8223350253807107 0.49238578680203043 0.3553299492385787
0 0.8362944162436549 0.5913705583756346 0.32741116751269034 0.3248730964467005
2 0.7753807106598984 0.7855329949238579 0.44923857868020306 0.18527918781725888