0 0.23638613861386137 0.10396039603960396 0.30445544554455445 0.2079207920792079
0 0.11014851485148515 0.07549504950495049 0.08663366336633663 0.15099009900990099
0 0.1608910891089109 0.07797029702970297 0.06930693069306931 0.15594059405940594
2 0.3415841584158416 0.2400990099009901 0.13366336633663367 0.26732673267326734
0 0.13861386138613863 0.6361386138613861 0.27722772277227725 0.297029702970297
0 0.4146039603960396 0.6051980198019802 0.28465346534653463 0.23514851485148514
0 0.1547029702970297 0.8774752475247525 0.3094059405940594 0.24504950495049505
2 0.43316831683168316 0.8663366336633663 0.2722772277227723 0.26732673267326734
0 0.34282178217821785 0.875 0.12623762376237624 0.25
0 0.9170792079207921 0.625 0.16584158415841585 0.2747524752475248
2 0.9542079207920792 0.7970297029702971 0.09158415841584158 0.09405940594059406