2 0.2565789473684211 0.12368421052631579 0.19736842105263158 0.24736842105263157
0 0.4039473684210526 0.1631578947368421 0.4921052631578947 0.3263157894736842
2 0.10394736842105264 0.042105263157894736 0.20789473684210527 0.08421052631578947
0 0.10789473684210527 0.2802631578947368 0.21578947368421053 0.31842105263157894
2 0.9328947368421052 0.14736842105263157 0.13421052631578947 0.29473684210526313
0 0.825 0.24078947368421053 0.35 0.3973684210526316
0 0.7078947368421052 0.21973684210526315 0.11578947368421053 0.4394736842105263
0 0.4631578947368421 0.868421052631579 0.3736842105263158 0.2631578947368421
2 0.4631578947368421 0.7842105263157895 0.3736842105263158 0.43157894736842106
2 0.1631578947368421 0.6631578947368421 0.3263157894736842 0.22631578947368422
0 0.16710526315789473 0.5526315789473685 0.33421052631578946 0.22631578947368422
2 0.9460526315789474 0.7723684210526316 0.10789473684210527 0.45526315789473687
2 0.7855263157894737 0.75 0.2710526315789474 0.5