0 0.19117647058823528 0.10695187165775401 0.3770053475935829 0.21390374331550802
2 0.24866310160427807 0.10695187165775401 0.24064171122994651 0.21390374331550802
0 0.17379679144385027 0.3342245989304813 0.34759358288770054 0.40641711229946526
0 0.4037433155080214 0.37566844919786097 0.1657754010695187 0.3235294117647059
2 0.4679144385026738 0.3716577540106952 0.1657754010695187 0.23529411764705882
2 0.7794117647058824 0.1270053475935829 0.4411764705882353 0.2540106951871658
2 0.6590909090909091 0.356951871657754 0.20053475935828877 0.3609625668449198
0 0.07085561497326204 0.6483957219251337 0.14171122994652408 0.22192513368983957
2 0.18449197860962566 0.7393048128342246 0.09893048128342247 0.20053475935828877
2 0.356951871657754 0.7687165775401069 0.339572192513369 0.4625668449197861
0 0.9264705882352942 0.8743315508021391 0.14705882352941177 0.25133689839572193
2 0.7794117647058824 0.9478609625668449 0.4411764705882353 0.10427807486631016