2 0.29926108374384236 0.19950738916256158 0.31773399014778325 0.39901477832512317
2 0.5135467980295566 0.05788177339901478 0.11083743842364532 0.11576354679802955
0 0.6391625615763546 0.1145320197044335 0.23891625615763548 0.229064039408867
0 0.6305418719211823 0.33251231527093594 0.3448275862068966 0.1330049261083744
0 0.8460591133004927 0.1354679802955665 0.3078817733990148 0.270935960591133
2 0.8793103448275862 0.2647783251231527 0.2413793103448276 0.16995073891625614
2 0.9310344827586207 0.33004926108374383 0.13793103448275862 0.13793103448275862
2 0.229064039408867 0.7167487684729064 0.458128078817734 0.5665024630541872
0 0.5221674876847291 0.562807881773399 0.12807881773399016 0.20935960591133004
2 0.5554187192118226 0.8300492610837439 0.19458128078817735 0.3399014778325123
2 0.7586206896551724 0.5098522167487685 0.4827586206896552 0.22167487684729065
2 0.7857142857142857 0.7524630541871922 0.42857142857142855 0.49507389162561577