0 0.0975609756097561 0.20243902439024392 0.1951219512195122 0.3073170731707317
2 0.07317073170731707 0.32195121951219513 0.14634146341463414 0.25365853658536586
0 0.3426829268292683 0.24878048780487805 0.22926829268292684 0.2707317073170732
2 0.3548780487804878 0.3878048780487805 0.17317073170731706 0.12195121951219512
0 0.6707317073170732 0.13170731707317074 0.22439024390243903 0.2634146341463415
2 0.8902439024390244 0.23780487804878048 0.21951219512195122 0.4219512195121951
0 0.8292682926829268 0.07317073170731707 0.34146341463414637 0.14634146341463414
0 0.22073170731707317 0.6646341463414634 0.33902439024390246 0.2682926829268293
2 0.49634146341463414 0.6353658536585366 0.12439024390243902 0.37317073170731707
2 0.6463414634146342 0.6707317073170732 0.17560975609756097 0.44390243902439025
2 0.8658536585365854 0.8304878048780487 0.2682926829268293 0.33902439024390246
0 0.8780487804878049 0.8865853658536585 0.24390243902439024 0.22682926829268293
2 0.8182926829268292 0.6109756097560975 0.36341463414634145 0.32439024390243903