0 0.08801020408163265 0.28188775510204084 0.1760204081632653 0.39540816326530615
0 0.5548469387755102 0.39668367346938777 0.288265306122449 0.16581632653061223
2 0.6785714285714286 0.2423469387755102 0.04081632653061224 0.4387755102040816
2 0.8545918367346939 0.42857142857142855 0.1326530612244898 0.10204081632653061
0 0.7818877551020408 0.40561224489795916 0.16581632653061223 0.14795918367346939
2 0.15306122448979592 0.5522959183673469 0.12244897959183673 0.14540816326530612
2 0.40561224489795916 0.7397959183673469 0.5867346938775511 0.5204081632653061
0 0.7474489795918368 0.6772959183673469 0.09693877551020408 0.39540816326530615
2 0.8290816326530612 0.6951530612244898 0.2602040816326531 0.43112244897959184
2 0.951530612244898 0.7257653061224489 0.09693877551020408 0.4923469387755102
0 0.9298469387755102 0.9553571428571429 0.14030612244897958 0.08928571428571429