2 0.0691747572815534 0.21480582524271843 0.1383495145631068 0.18689320388349515
0 0.8871359223300971 0.17233009708737865 0.22572815533980584 0.27184466019417475
2 0.7888349514563107 0.10558252427184465 0.4223300970873786 0.2111650485436893
2 0.33495145631067963 0.154126213592233 0.3932038834951456 0.308252427184466
2 0.5012135922330098 0.154126213592233 0.279126213592233 0.308252427184466
2 0.08373786407766991 0.7961165048543689 0.10922330097087378 0.2621359223300971
0 0.0691747572815534 0.44660194174757284 0.1383495145631068 0.2766990291262136
0 0.8616504854368932 0.45024271844660196 0.2766990291262136 0.28398058252427183
2 0.7245145631067961 0.7366504854368932 0.5509708737864077 0.5266990291262136
0 0.45024271844660196 0.39805825242718446 0.24029126213592233 0.1796116504854369
2 0.3859223300970874 0.37985436893203883 0.21844660194174756 0.14320388349514562
2 0.45145631067961167 0.7512135922330098 0.2524271844660194 0.2111650485436893