0 0.4652061855670103 0.13917525773195877 0.20876288659793815 0.27835051546391754
2 0.18685567010309279 0.15979381443298968 0.2706185567010309 0.31958762886597936
2 0.4059278350515464 0.20618556701030927 0.327319587628866 0.2963917525773196
0 0.2847938144329897 0.17783505154639176 0.5695876288659794 0.3556701030927835
2 0.27835051546391754 0.4793814432989691 0.5567010309278351 0.39690721649484534
0 0.8634020618556701 0.1211340206185567 0.27319587628865977 0.2422680412371134
2 0.7216494845360825 0.1134020618556701 0.30412371134020616 0.2268041237113402
2 0.770618556701031 0.42783505154639173 0.4020618556701031 0.5
2 0.2538659793814433 0.7564432989690721 0.2912371134020619 0.15721649484536082
0 0.40850515463917525 0.7731958762886598 0.2809278350515464 0.19072164948453607
0 0.18943298969072164 0.8801546391752577 0.31958762886597936 0.13917525773195877