0 0.3902439024390244 0.13170731707317074 0.4195121951219512 0.2634146341463415
0 0.11585365853658537 0.17317073170731706 0.23170731707317074 0.3463414634146341
2 0.12195121951219512 0.31097560975609756 0.24390243902439024 0.25609756097560976
0 0.874390243902439 0.1378048780487805 0.25121951219512195 0.275609756097561
2 0.723170731707317 0.33902439024390246 0.24634146341463414 0.2
2 0.7121951219512195 0.1573170731707317 0.22439024390243903 0.3146341463414634
0 0.4317073170731707 0.9609756097560975 0.33658536585365856 0.07804878048780488
2 0.37073170731707317 0.9463414634146341 0.24390243902439024 0.1073170731707317
0 0.36097560975609755 0.5451219512195122 0.34146341463414637 0.2121951219512195
2 0.14512195121951219 0.8463414634146341 0.29024390243902437 0.3073170731707317
0 0.8524390243902439 0.8158536585365853 0.2951219512195122 0.29024390243902437