2 0.5276442307692307 0.28966346153846156 0.10336538461538461 0.12740384615384615
0 0.4723557692307692 0.41586538461538464 0.21394230769230768 0.2932692307692308
0 0.4795673076923077 0.12379807692307693 0.19951923076923078 0.24759615384615385
2 0.33774038461538464 0.41225961538461536 0.0985576923076923 0.17307692307692307
0 0.051682692307692304 0.3449519230769231 0.10336538461538461 0.3389423076923077
0 0.19230769230769232 0.10817307692307693 0.38461538461538464 0.21634615384615385
0 0.9266826923076923 0.32572115384615385 0.1466346153846154 0.46875
2 0.9326923076923077 0.4951923076923077 0.1346153846153846 0.1875
0 0.7367788461538461 0.42427884615384615 0.31490384615384615 0.3293269230769231
2 0.37740384615384615 0.8617788461538461 0.11778846153846154 0.11298076923076923
2 0.44350961538461536 0.6334134615384616 0.27163461538461536 0.0889423076923077
0 0.16706730769230768 0.7884615384615384 0.33413461538461536 0.3605769230769231
2 0.17427884615384615 0.9158653846153846 0.3485576923076923 0.16826923076923078
2 0.8245192307692307 0.9002403846153846 0.35096153846153844 0.19951923076923078
2 0.7908653846153846 0.7223557692307693 0.4182692307692308 0.2668269230769231