0 0.19401041666666666 0.08984375 0.3671875 0.1796875
2 0.3098958333333333 0.08984375 0.34375 0.1796875
0 0.25390625 0.10026041666666667 0.5078125 0.20052083333333334
0 0.4296875 0.453125 0.15625 0.3177083333333333
0 0.4036458333333333 0.5247395833333334 0.20833333333333334 0.1796875
0 0.3828125 0.4075520833333333 0.23697916666666666 0.4166666666666667
0 0.6223958333333334 0.5559895833333334 0.22916666666666666 0.12760416666666666
0 0.9088541666666666 0.16927083333333334 0.18229166666666666 0.3385416666666667
0 0.12760416666666666 0.7330729166666666 0.2552083333333333 0.2265625
2 0.14453125 0.6848958333333334 0.2890625 0.13020833333333334
0 0.3424479166666667 0.7981770833333334 0.3307291666666667 0.3567708333333333
0 0.30859375 0.9518229166666666 0.3619791666666667 0.09635416666666667
0 0.6861979166666666 0.71875 0.3567708333333333 0.19791666666666666
2 0.8854166666666666 0.76953125 0.22916666666666666 0.2994791666666667