2 0.43205128205128207 0.22435897435897437 0.19230769230769232 0.44871794871794873
0 0.23974358974358975 0.22435897435897437 0.4794871794871795 0.44871794871794873
2 0.8076923076923077 0.09487179487179487 0.2923076923076923 0.18974358974358974
2 0.8551282051282051 0.31025641025641026 0.28974358974358977 0.27692307692307694
2 0.7076923076923077 0.26153846153846155 0.2205128205128205 0.2
0 0.6025641025641025 0.2858974358974359 0.14871794871794872 0.31025641025641026
0 0.21025641025641026 0.6756410256410257 0.36923076923076925 0.4153846153846154
2 0.05641025641025641 0.6961538461538461 0.11282051282051282 0.3
0 0.17564102564102563 0.9025641025641026 0.35128205128205126 0.19487179487179487
2 0.2846153846153846 0.926923076923077 0.35384615384615387 0.14615384615384616
2 0.732051282051282 0.7243589743589743 0.4076923076923077 0.5512820512820513