0 0.07266009852216748 0.37192118226600984 0.14532019704433496 0.28078817733990147
2 0.15270935960591134 0.1921182266009852 0.1330049261083744 0.16748768472906403
0 0.23522167487684728 0.30295566502463056 0.22413793103448276 0.22413793103448276
0 0.39901477832512317 0.6071428571428571 0.541871921182266 0.26354679802955666
2 0.7266009852216748 0.2229064039408867 0.11330049261083744 0.4458128078817734
0 0.7623152709359606 0.5344827586206896 0.18472906403940886 0.4088669950738916
0 0.8633004926108374 0.4987684729064039 0.2733990147783251 0.4802955665024631
2 0.37561576354679804 0.8694581280788177 0.5886699507389163 0.26108374384236455
0 0.7142857142857143 0.8817733990147784 0.08866995073891626 0.23645320197044334
0 0.8349753694581281 0.7746305418719212 0.33004926108374383 0.07142857142857142
2 0.8349753694581281 0.8694581280788177 0.33004926108374383 0.26108374384236455