2 0.1801470588235294 0.5502450980392157 0.3602941176470588 0.11519607843137254
2 0.36151960784313725 0.20955882352941177 0.21323529411764705 0.41911764705882354
0 0.6678921568627451 0.4877450980392157 0.34068627450980393 0.16176470588235295
2 0.6825980392156863 0.3014705882352941 0.25735294117647056 0.1568627450980392
0 0.6642156862745098 0.5649509803921569 0.39215686274509803 0.0857843137254902
2 0.9350490196078431 0.20465686274509803 0.12990196078431374 0.40931372549019607
0 0.11397058823529412 0.7242647058823529 0.22794117647058823 0.23284313725490197
2 0.13112745098039216 0.8431372549019608 0.2622549019607843 0.3137254901960784
2 0.3321078431372549 0.803921568627451 0.27205882352941174 0.39215686274509803
2 0.6200980392156863 0.7450980392156863 0.15931372549019607 0.1642156862745098
2 0.9093137254901961 0.8970588235294118 0.18137254901960784 0.18137254901960784
2 0.9105392156862745 0.7598039215686274 0.17892156862745098 0.30392156862745096