2 0.1693121693121693 0.42063492063492064 0.3386243386243386 0.3544973544973545
0 0.18518518518518517 0.48412698412698413 0.30687830687830686 0.2275132275132275
2 0.1693121693121693 0.19576719576719576 0.3386243386243386 0.3915343915343915
0 0.8346560846560847 0.4312169312169312 0.3306878306878307 0.3333333333333333
0 0.746031746031746 0.11375661375661375 0.4973544973544973 0.2275132275132275
0 0.5701058201058201 0.5608465608465608 0.46296296296296297 0.07407407407407407
0 0.38492063492063494 0.18253968253968253 0.09259259259259259 0.36507936507936506
2 0.2275132275132275 0.6640211640211641 0.2222222222222222 0.13227513227513227
0 0.2275132275132275 0.798941798941799 0.2222222222222222 0.4021164021164021
2 0.8862433862433863 0.6970899470899471 0.2275132275132275 0.1984126984126984
2 0.9378306878306878 0.8161375661375662 0.12433862433862433 0.24074074074074073
2 0.6481481481481481 0.798941798941799 0.5608465608465608 0.4021164021164021