0 0.29310344827586204 0.17980295566502463 0.11330049261083744 0.35960591133004927
2 0.04926108374384237 0.17980295566502463 0.09852216748768473 0.35960591133004927
0 0.9507389162561576 0.07389162561576355 0.09852216748768473 0.1477832512315271
2 0.5640394088669951 0.17980295566502463 0.42857142857142855 0.35960591133004927
0 0.2536945812807882 0.541871921182266 0.1921182266009852 0.3645320197044335
0 0.24507389162561577 0.7610837438423645 0.16995073891625614 0.18719211822660098
2 0.06403940886699508 0.7992610837438424 0.12807881773399016 0.4014778325123153
0 0.8608374384236454 0.5086206896551724 0.23891625615763548 0.29802955665024633
2 0.9199507389162561 0.5270935960591133 0.16009852216748768 0.33497536945812806
0 0.5985221674876847 0.5197044334975369 0.4975369458128079 0.32019704433497537
2 0.8583743842364532 0.8620689655172413 0.2832512315270936 0.27586206896551724
2 0.4421182266009852 0.7857142857142857 0.18472906403940886 0.3793103448275862
0 0.5603448275862069 0.8017241379310345 0.312807881773399 0.39655172413793105