0 0.08207070707070707 0.2676767676767677 0.16414141414141414 0.10101010101010101
2 0.5921717171717171 0.04419191919191919 0.1691919191919192 0.08838383838383838
0 0.5643939393939394 0.12121212121212122 0.11363636363636363 0.24242424242424243
2 0.8863636363636364 0.1590909090909091 0.22727272727272727 0.3181818181818182
0 0.2878787878787879 0.5366161616161617 0.3939393939393939 0.43686868686868685
2 0.14898989898989898 0.49873737373737376 0.18686868686868688 0.2474747474747475
2 0.4078282828282828 0.6047979797979798 0.1994949494949495 0.5732323232323232
2 0.17676767676767677 0.8535353535353535 0.2727272727272727 0.29292929292929293
2 0.4217171717171717 0.8901515151515151 0.1717171717171717 0.2196969696969697
0 0.7007575757575758 0.5176767676767676 0.2803030303030303 0.398989898989899
2 0.773989898989899 0.553030303030303 0.4015151515151515 0.4696969696969697
0 0.7537878787878788 0.8686868686868687 0.49242424242424243 0.26262626262626265
0 0.898989898989899 0.9292929292929293 0.20202020202020202 0.1414141414141414