0 0.5538461538461539 0.15897435897435896 0.16923076923076924 0.2717948717948718
2 0.06538461538461539 0.023076923076923078 0.13076923076923078 0.046153846153846156
0 0.046153846153846156 0.15256410256410258 0.09230769230769231 0.2230769230769231
2 0.7935897435897435 0.2833333333333333 0.31025641025641026 0.28974358974358977
0 0.8192307692307692 0.04487179487179487 0.36153846153846153 0.08974358974358974
2 0.8102564102564103 0.1076923076923077 0.3435897435897436 0.2153846153846154
0 0.21025641025641026 0.8756410256410256 0.4205128205128205 0.24871794871794872
0 0.3128205128205128 0.8320512820512821 0.33589743589743587 0.32564102564102565
0 0.3192307692307692 0.5717948717948718 0.6384615384615384 0.28717948717948716
0 0.8192307692307692 0.941025641025641 0.36153846153846153 0.11794871794871795
0 0.8538461538461538 0.5653846153846154 0.2923076923076923 0.2692307692307692
0 0.6846153846153846 0.6615384615384615 0.09230769230769231 0.4512820512820513