0 0.41955445544554454 0.23267326732673269 0.1806930693069307 0.3316831683168317
2 0.07301980198019802 0.3094059405940594 0.14603960396039603 0.16831683168316833
0 0.14975247524752475 0.18193069306930693 0.2995049504950495 0.3094059405940594
2 0.8972772277227723 0.2103960396039604 0.20544554455445543 0.37623762376237624
2 0.6831683168316832 0.27970297029702973 0.3465346534653465 0.2376237623762376
0 0.2995049504950495 0.48267326732673266 0.4207920792079208 0.16831683168316833
2 0.04826732673267327 0.47896039603960394 0.09653465346534654 0.1608910891089109
0 0.2103960396039604 0.9331683168316832 0.4207920792079208 0.13366336633663367
2 0.9913366336633663 0.5074257425742574 0.017326732673267328 0.16831683168316833
0 0.6683168316831684 0.41336633663366334 0.2524752475247525 0.0297029702970297
2 0.7660891089108911 0.9331683168316832 0.46782178217821785 0.13366336633663367