0 0.36548223350253806 0.3083756345177665 0.14720812182741116 0.2817258883248731
2 0.36421319796954316 0.29441624365482233 0.14974619289340102 0.3096446700507614
0 0.19289340101522842 0.24492385786802032 0.38578680203045684 0.4086294416243655
2 0.21954314720812182 0.09517766497461928 0.43908629441624364 0.19035532994923857
2 0.2182741116751269 0.10786802030456853 0.4365482233502538 0.21573604060913706
2 0.8058375634517766 0.3096446700507614 0.3883248730964467 0.27918781725888325
2 0.5063451776649747 0.26903553299492383 0.13451776649746192 0.3604060913705584
0 0.616751269035533 0.07106598984771574 0.3553299492385787 0.14213197969543148
2 0.27284263959390864 0.8591370558375635 0.33248730964467005 0.2817258883248731
0 0.233502538071066 0.8540609137055838 0.41116751269035534 0.2918781725888325
2 0.10025380710659898 0.8185279187817259 0.20050761421319796 0.3629441624365482
0 0.15862944162436549 0.5228426395939086 0.31725888324873097 0.14720812182741116
0 0.5989847715736041 0.5748730964467005 0.3197969543147208 0.2512690355329949
2 0.8134517766497462 0.49746192893401014 0.3730964467005076 0.09644670050761421