2 0.3125 0.12760416666666666 0.4322916666666667 0.2552083333333333
0 0.390625 0.10286458333333333 0.2760416666666667 0.20572916666666666
2 0.10286458333333333 0.14192708333333334 0.20572916666666666 0.2838541666666667
2 0.3489583333333333 0.3658854166666667 0.359375 0.5390625
2 0.7630208333333334 0.13020833333333334 0.46875 0.2604166666666667
0 0.8515625 0.19661458333333334 0.296875 0.3359375
0 0.9778645833333334 0.3697916666666667 0.044270833333333336 0.16666666666666666
2 0.8958333333333334 0.4296875 0.20833333333333334 0.24479166666666666
0 0.35546875 0.8919270833333334 0.3463541666666667 0.21614583333333334
2 0.44140625 0.8658854166666666 0.17447916666666666 0.2682291666666667
0 0.14713541666666666 0.8684895833333334 0.2942708333333333 0.2630208333333333
0 0.7552083333333334 0.8138020833333334 0.453125 0.2890625
2 0.7643229166666666 0.87109375 0.4713541666666667 0.2578125