2 0.5158536585365854 0.05731707317073171 0.046341463414634146 0.11463414634146342
0 0.26951219512195124 0.2146341463414634 0.5390243902439025 0.4292682926829268
0 0.6560975609756098 0.15 0.22682926829268293 0.22926829268292684
0 0.95 0.4024390243902439 0.1 0.05365853658536585
2 0.37926829268292683 0.6731707317073171 0.3024390243902439 0.32926829268292684
0 0.35121951219512193 0.5426829268292683 0.375609756097561 0.22682926829268293
0 0.4146341463414634 0.8512195121951219 0.24878048780487805 0.2975609756097561
0 0.16707317073170733 0.9195121951219513 0.33414634146341465 0.16097560975609757
0 0.8682926829268293 0.55 0.2634146341463415 0.24146341463414633
2 0.8475609756097561 0.45121951219512196 0.275609756097561 0.04390243902439024
2 0.9548780487804878 0.8975609756097561 0.09024390243902439 0.2048780487804878
0 0.6585365853658537 0.5804878048780487 0.23902439024390243 0.3024390243902439
2 0.6865853658536586 0.7121951219512195 0.2951219512195122 0.4878048780487805