2 0.26951219512195124 0.33658536585365856 0.23658536585365852 0.3024390243902439
2 0.12926829268292683 0.2573170731707317 0.25853658536585367 0.4609756097560976
0 0.7707317073170732 0.41097560975609754 0.4585365853658537 0.15365853658536585
0 0.7353658536585366 0.20609756097560974 0.5292682926829269 0.4121951219512195
2 0.7378048780487805 0.3304878048780488 0.4609756097560976 0.3146341463414634
0 0.4902439024390244 0.24390243902439024 0.2048780487804878 0.4878048780487805
2 0.2939024390243902 0.8573170731707317 0.1878048780487805 0.28536585365853656
2 0.29878048780487804 0.6926829268292682 0.17804878048780487 0.18048780487804877
2 0.1573170731707317 0.8926829268292683 0.3146341463414634 0.2146341463414634
2 0.1 0.5390243902439025 0.2 0.1024390243902439
0 0.6939024390243902 0.8451219512195122 0.6121951219512195 0.3097560975609756
0 0.5487804878048781 0.6609756097560976 0.32195121951219513 0.2
0 0.5804878048780487 0.624390243902439 0.3853658536585366 0.2731707317073171
0 0.7975609756097561 0.5963414634146341 0.40487804878048783 0.21707317073170732