2 0.17892156862745098 0.1801470588235294 0.35784313725490197 0.056372549019607844
2 0.19117647058823528 0.13112745098039216 0.38235294117647056 0.15441176470588236
2 0.20220588235294118 0.06372549019607843 0.40441176470588236 0.12745098039215685
2 0.34191176470588236 0.09681372549019608 0.23284313725490197 0.19362745098039216
2 0.9485294117647058 0.09313725490196079 0.10294117647058823 0.18627450980392157
2 0.31985294117647056 0.7365196078431373 0.2769607843137255 0.23284313725490197
0 0.23651960784313725 0.2855392156862745 0.44362745098039214 0.15441176470588236
0 0.8884803921568627 0.8933823529411765 0.22303921568627452 0.21323529411764705
0 0.7365196078431373 0.8602941176470589 0.5269607843137255 0.27941176470588236
2 0.6556372549019608 0.9178921568627451 0.3112745098039216 0.1642156862745098
2 0.8100490196078431 0.45588235294117646 0.3799019607843137 0.4950980392156863
0 0.5171568627450981 0.7794117647058824 0.11764705882352941 0.2696078431372549
0 0.5833333333333334 0.35661764705882354 0.25 0.2965686274509804