0 0.18622448979591838 0.34438775510204084 0.37244897959183676 0.10714285714285714
0 0.12627551020408162 0.09566326530612244 0.25255102040816324 0.1913265306122449
2 0.3673469387755102 0.1989795918367347 0.20408163265306123 0.3979591836734694
2 0.3086734693877551 0.07908163265306123 0.32142857142857145 0.15816326530612246
0 0.6645408163265306 0.0778061224489796 0.3903061224489796 0.1556122448979592
0 0.7028061224489796 0.1989795918367347 0.46683673469387754 0.3979591836734694
2 0.9158163265306123 0.12244897959183673 0.1683673469387755 0.24489795918367346
0 0.22193877551020408 0.8992346938775511 0.44387755102040816 0.20153061224489796
0 0.20918367346938777 0.5892857142857143 0.41836734693877553 0.3826530612244898
0 0.6377551020408163 0.9119897959183674 0.336734693877551 0.1760204081632653
2 0.5727040816326531 0.5778061224489796 0.2066326530612245 0.3596938775510204
0 0.8596938775510204 0.8724489795918368 0.28061224489795916 0.25510204081632654
2 0.7831632653061225 0.5497448979591837 0.4336734693877551 0.30357142857142855