2 0.16748768472906403 0.2019704433497537 0.1625615763546798 0.1330049261083744
2 0.14655172413793102 0.10591133004926108 0.2044334975369458 0.21182266009852216
0 0.8608374384236454 0.15147783251231528 0.27832512315270935 0.23399014778325122
2 0.5036945812807881 0.1539408866995074 0.35714285714285715 0.229064039408867
0 0.1440886699507389 0.645320197044335 0.20935960591133004 0.33004926108374383
2 0.14901477832512317 0.7438423645320197 0.19950738916256158 0.10344827586206896
2 0.6379310344827587 0.32389162561576357 0.4433497536945813 0.11083743842364532
2 0.7807881773399015 0.6514778325123153 0.4187192118226601 0.16748768472906403
0 0.7167487684729064 0.812807881773399 0.5024630541871922 0.35714285714285715
2 0.35591133004926107 0.47413793103448276 0.21428571428571427 0.41133004926108374
0 0.39655172413793105 0.8004926108374384 0.2955665024630542 0.39901477832512317