0 0.09900990099009901 0.18688118811881188 0.19801980198019803 0.10148514851485149
2 0.07673267326732673 0.14603960396039603 0.15346534653465346 0.07920792079207921
2 0.14603960396039603 0.3118811881188119 0.29207920792079206 0.17326732673267325
0 0.41089108910891087 0.09900990099009901 0.15346534653465346 0.19801980198019803
2 0.40222772277227725 0.3849009900990099 0.1707920792079208 0.027227722772277228
2 0.6633663366336634 0.19925742574257427 0.35148514851485146 0.39851485148514854
2 0.17326732673267325 0.9133663366336634 0.2722772277227723 0.17326732673267325
0 0.400990099009901 0.8155940594059405 0.17326732673267325 0.3688118811881188
0 0.573019801980198 0.5383663366336634 0.1707920792079208 0.27970297029702973
2 0.5742574257425742 0.9146039603960396 0.17326732673267325 0.1707920792079208
2 0.6237623762376238 0.780940594059406 0.2722772277227723 0.1806930693069307
2 0.875 0.5433168316831684 0.25 0.2896039603960396
2 0.844059405940594 0.7846534653465347 0.16584158415841585 0.1806930693069307
0 0.8811881188118812 0.9146039603960396 0.2376237623762376 0.1707920792079208