2 0.20634920634920634 0.5264550264550265 0.4126984126984127 0.4021164021164021
0 0.19576719576719576 0.6111111111111112 0.3915343915343915 0.2328042328042328
2 0.19444444444444445 0.30687830687830686 0.3888888888888889 0.18518518518518517
2 0.44841269841269843 0.5634920634920635 0.2830687830687831 0.328042328042328
2 0.49074074074074076 0.09523809523809523 0.1984126984126984 0.19047619047619047
2 0.6547619047619048 0.33465608465608465 0.12962962962962962 0.20899470899470898
2 0.8029100529100529 0.4642857142857143 0.3941798941798942 0.25132275132275134
2 0.794973544973545 0.11904761904761904 0.41005291005291006 0.23809523809523808
2 0.12169312169312169 0.8637566137566137 0.24338624338624337 0.2724867724867725
2 0.10317460317460317 0.7870370370370371 0.20634920634920634 0.11904761904761904
0 0.5026455026455027 0.8637566137566137 0.1746031746031746 0.2724867724867725
2 0.42724867724867727 0.8637566137566137 0.3253968253968254 0.2724867724867725
2 0.794973544973545 0.791005291005291 0.41005291005291006 0.12698412698412698