0 0.4763681592039801 0.26616915422885573 0.16666666666666666 0.4228855721393035
0 0.19900497512437812 0.10696517412935323 0.39800995024875624 0.21393034825870647
2 0.2524875621890547 0.30472636815920395 0.5049751243781094 0.34577114427860695
2 0.21393034825870647 0.2524875621890547 0.42786069651741293 0.2810945273631841
2 0.8644278606965174 0.04975124378109453 0.1865671641791045 0.09950248756218906
0 0.9203980099502488 0.43656716417910446 0.11442786069651742 0.08208955223880597
0 0.6902985074626866 0.12313432835820895 0.26119402985074625 0.2462686567164179
0 0.6853233830845771 0.3208955223880597 0.2512437810945274 0.31343283582089554
0 0.4427860696517413 0.7910447761194029 0.23383084577114427 0.417910447761194
2 0.08830845771144279 0.6218905472636815 0.17661691542288557 0.26865671641791045
0 0.20024875621890548 0.8407960199004975 0.40049751243781095 0.31840796019900497
2 0.6840796019900498 0.6019900497512438 0.24875621890547264 0.24875621890547264
2 0.7263681592039801 0.8594527363184079 0.32338308457711445 0.2810945273631841