2 0.13205128205128205 0.08461538461538462 0.2641025641025641 0.16923076923076924
2 0.18333333333333332 0.19230769230769232 0.36666666666666664 0.2512820512820513
0 0.8435897435897436 0.16538461538461538 0.3128205128205128 0.30512820512820515
0 0.31794871794871793 0.4205128205128205 0.2923076923076923 0.20512820512820512
2 0.17692307692307693 0.7551282051282051 0.35384615384615387 0.4897435897435897
0 0.24487179487179486 0.7602564102564102 0.4897435897435897 0.4794871794871795
0 0.5538461538461539 0.5256410256410257 0.1282051282051282 0.4153846153846154
2 0.6012820512820513 0.5217948717948718 0.2230769230769231 0.4076923076923077
0 0.8153846153846154 0.5666666666666667 0.18974358974358974 0.49743589743589745
0 0.5948717948717949 0.9 0.21025641025641026 0.2
2 0.8384615384615385 0.9064102564102564 0.30256410256410254 0.18717948717948718