2 0.20526315789473684 0.07763157894736843 0.35789473684210527 0.15526315789473685
0 0.07631578947368421 0.0881578947368421 0.15263157894736842 0.1763157894736842
0 0.48026315789473684 0.05789473684210526 0.25526315789473686 0.11578947368421053
0 0.060526315789473685 0.44605263157894737 0.12105263157894737 0.20789473684210527
2 0.5 0.34868421052631576 0.21578947368421053 0.4026315789473684
2 0.6710526315789473 0.40657894736842104 0.12631578947368421 0.2868421052631579
0 0.7105263157894737 0.3539473684210526 0.20526315789473684 0.39210526315789473
0 0.04473684210526316 0.7302631578947368 0.08947368421052632 0.3605263157894737
2 0.375 0.6605263157894737 0.1763157894736842 0.22105263157894736
2 0.18289473684210528 0.925 0.36578947368421055 0.15
2 0.48026315789473684 0.9460526315789474 0.25526315789473686 0.10789473684210527
0 0.8039473684210526 0.6355263157894737 0.39210526315789473 0.17105263157894737
0 0.8039473684210526 0.8552631578947368 0.39210526315789473 0.2894736842105263