2 0.09191176470588236 0.09926470588235294 0.18382352941176472 0.19852941176470587
0 0.18995098039215685 0.06495098039215687 0.3799019607843137 0.12990196078431374
0 0.15931372549019607 0.3112745098039216 0.31862745098039214 0.37745098039215685
0 0.46568627450980393 0.11029411764705882 0.07352941176470588 0.22058823529411764
2 0.5416666666666666 0.056372549019607844 0.22549019607843138 0.11274509803921569
0 0.5784313725490197 0.40808823529411764 0.29901960784313725 0.18382352941176472
0 0.9129901960784313 0.11642156862745098 0.17401960784313725 0.23284313725490197
2 0.8651960784313726 0.43137254901960786 0.2696078431372549 0.13725490196078433
0 0.21446078431372548 0.7487745098039216 0.42892156862745096 0.49754901960784315
2 0.4644607843137255 0.8002450980392157 0.07107843137254902 0.39950980392156865
2 0.8026960784313726 0.6323529411764706 0.3946078431372549 0.24509803921568626
2 0.8259803921568627 0.5992647058823529 0.3480392156862745 0.19852941176470587
2 0.8566176470588235 0.9044117647058824 0.2867647058823529 0.19117647058823528
2 0.6642156862745098 0.8958333333333334 0.47058823529411764 0.20833333333333334