2 0.2982233502538071 0.29441624365482233 0.1598984771573604 0.5888324873096447
0 0.18908629441624367 0.2880710659898477 0.37817258883248733 0.5761421319796954
0 0.9289340101522843 0.2817258883248731 0.14213197969543148 0.5634517766497462
0 0.5761421319796954 0.19796954314720813 0.39593908629441626 0.39593908629441626
0 0.7208121827411168 0.4873096446700508 0.5583756345177665 0.20304568527918782
2 0.44416243654822335 0.4251269035532995 0.1319796954314721 0.2766497461928934
2 0.26776649746192893 0.8083756345177665 0.22081218274111675 0.3629441624365482
0 0.8147208121827412 0.7068527918781726 0.3553299492385787 0.23604060913705585
0 0.5748730964467005 0.6649746192893401 0.3934010152284264 0.15228426395939088
0 0.7043147208121827 0.8654822335025381 0.5304568527918782 0.26903553299492383
2 0.5025380710659898 0.7944162436548223 0.24873096446700507 0.41116751269035534