0 0.43504901960784315 0.07352941176470588 0.18382352941176472 0.14705882352941177
0 0.41911764705882354 0.1323529411764706 0.22058823529411764 0.2647058823529412
2 0.35294117647058826 0.18627450980392157 0.08823529411764706 0.15196078431372548
0 0.9546568627450981 0.13970588235294118 0.09068627450980392 0.27941176470588236
2 0.5183823529411765 0.3284313725490196 0.19852941176470587 0.058823529411764705
2 0.9252450980392157 0.31004901960784315 0.14950980392156862 0.0857843137254902
2 0.17034313725490197 0.4742647058823529 0.2769607843137255 0.23284313725490197
0 0.01838235294117647 0.7953431372549019 0.03676470588235294 0.20833333333333334
2 0.27205882352941174 0.6924019607843137 0.07352941176470588 0.22303921568627452
0 0.6605392156862745 0.6115196078431373 0.16911764705882354 0.5073529411764706
2 0.47549019607843135 0.6115196078431373 0.3333333333333333 0.5073529411764706
0 0.8541666666666666 0.6188725490196079 0.2916666666666667 0.5220588235294118
0 0.883578431372549 0.9301470588235294 0.23284313725490197 0.13970588235294118