2 0.41881443298969073 0.18685567010309279 0.17783505154639176 0.3015463917525773
0 0.21262886597938144 0.17010309278350516 0.4252577319587629 0.33505154639175255
2 0.8376288659793815 0.23195876288659795 0.3247422680412371 0.211340206185567
0 0.7422680412371134 0.13917525773195877 0.3247422680412371 0.27835051546391754
2 0.5528350515463918 0.16881443298969073 0.09020618556701031 0.33762886597938147
2 0.3853092783505155 0.7164948453608248 0.24484536082474226 0.5670103092783505
0 0.12757731958762886 0.770618556701031 0.2551546391752577 0.30412371134020616
2 0.04252577319587629 0.9007731958762887 0.08505154639175258 0.19845360824742267
0 0.8015463917525774 0.5231958762886598 0.39690721649484534 0.3711340206185567
2 0.9432989690721649 0.8981958762886598 0.1134020618556701 0.2036082474226804
0 0.7873711340206185 0.904639175257732 0.4252577319587629 0.19072164948453607
2 0.6224226804123711 0.45103092783505155 0.22938144329896906 0.2268041237113402