0 0.1723684210526316 0.08026315789473684 0.33421052631578946 0.16052631578947368
0 0.2026315789473684 0.34078947368421053 0.2736842105263158 0.29736842105263156
0 0.8842105263157894 0.02368421052631579 0.23157894736842105 0.04736842105263158
0 0.6078947368421053 0.22894736842105262 0.5368421052631579 0.45789473684210524
2 0.6197368421052631 0.35789473684210527 0.5342105263157895 0.2631578947368421
0 0.7131578947368421 0.42105263157894735 0.5736842105263158 0.1368421052631579
2 0.25921052631578945 0.6302631578947369 0.16052631578947368 0.28157894736842104
2 0.28289473684210525 0.7802631578947369 0.11315789473684211 0.19736842105263158
0 0.2355263157894737 0.6868421052631579 0.20789473684210527 0.39473684210526316
0 0.09078947368421053 0.5618421052631579 0.18157894736842106 0.14473684210526316
2 0.15263157894736842 0.9381578947368421 0.30526315789473685 0.12368421052631579
2 0.8947368421052632 0.7039473684210527 0.21052631578947367 0.35526315789473684
0 0.8381578947368421 0.5723684210526315 0.3236842105263158 0.16578947368421051
2 0.5921052631578947 0.7276315789473684 0.5052631578947369 0.4763157894736842
2 0.6894736842105263 0.9394736842105263 0.47368421052631576 0.12105263157894737