0 0.20431472081218274 0.5901015228426396 0.4086294416243655 0.3629441624365482
2 0.20431472081218274 0.031725888324873094 0.4086294416243655 0.06345177664974619
2 0.1548223350253807 0.17766497461928935 0.3096446700507614 0.3553299492385787
0 0.9479695431472082 0.434010152284264 0.10406091370558376 0.39086294416243655
2 0.9238578680203046 0.07487309644670051 0.15228426395939088 0.14974619289340102
2 0.8883248730964467 0.1751269035532995 0.2233502538071066 0.2639593908629442
2 0.649746192893401 0.5532994923857868 0.48223350253807107 0.49238578680203043
2 0.7093908629441624 0.22588832487309646 0.20558375634517767 0.20558375634517767
0 0.6370558375634517 0.10406091370558376 0.3147208121827411 0.20812182741116753
2 0.16878172588832488 0.8921319796954315 0.33756345177664976 0.18527918781725888
2 0.9644670050761421 0.932741116751269 0.07106598984771574 0.13451776649746192
0 0.75 0.8984771573604061 0.1802030456852792 0.19796954314720813
2 0.5901015228426396 0.899746192893401 0.3629441624365482 0.20050761421319796