2 0.2238219895287958 0.17539267015706805 0.32722513089005234 0.3507853403141361
0 0.06544502617801047 0.14528795811518325 0.13089005235602094 0.2905759162303665
0 0.7709424083769634 0.05366492146596859 0.4581151832460733 0.10732984293193717
2 0.5445026178010471 0.09424083769633508 0.11518324607329843 0.18848167539267016
0 0.49214659685863876 0.09554973821989529 0.2094240837696335 0.19109947643979058
2 0.34554973821989526 0.9136125654450262 0.08376963350785341 0.17277486910994763
2 0.2774869109947644 0.675392670157068 0.2198952879581152 0.41361256544502617
0 0.11518324607329843 0.6819371727748691 0.23036649214659685 0.27486910994764396
2 0.7172774869109948 0.6387434554973822 0.46596858638743455 0.3403141361256545
0 0.7382198952879581 0.7342931937172775 0.5235602094240838 0.5314136125654451
2 0.48429319371727747 0.7342931937172775 0.193717277486911 0.5314136125654451