2 0.12878787878787878 0.14393939393939395 0.25757575757575757 0.2878787878787879
2 0.12878787878787878 0.30934343434343436 0.25757575757575757 0.2196969696969697
2 0.5707070707070707 0.18434343434343434 0.6111111111111112 0.3686868686868687
0 0.5732323232323232 0.3446969696969697 0.4494949494949495 0.14898989898989898
2 0.4015151515151515 0.37247474747474746 0.2878787878787879 0.09343434343434344
0 0.13636363636363635 0.6628787878787878 0.24242424242424243 0.48737373737373735
0 0.12878787878787878 0.6957070707070707 0.25757575757575757 0.553030303030303
2 0.5946969696969697 0.5505050505050505 0.6742424242424242 0.26262626262626265
2 0.9507575757575758 0.7146464646464646 0.09848484848484848 0.5404040404040404
0 0.46085858585858586 0.9040404040404041 0.2904040404040404 0.1919191919191919
2 0.6957070707070707 0.9431818181818182 0.13383838383838384 0.11363636363636363