0 0.06314432989690721 0.1791237113402062 0.12628865979381443 0.3582474226804124
2 0.23324742268041238 0.24355670103092783 0.22938144329896906 0.22938144329896906
0 0.17396907216494845 0.03994845360824742 0.3479381443298969 0.07989690721649484
2 0.5051546391752577 0.3247422680412371 0.31443298969072164 0.06701030927835051
2 0.1211340206185567 0.5695876288659794 0.2422680412371134 0.422680412371134
2 0.2963917525773196 0.8273195876288659 0.10309278350515463 0.34536082474226804
2 0.22036082474226804 0.5322164948453608 0.2551546391752577 0.3479381443298969
0 0.5038659793814433 0.5889175257731959 0.3118556701030928 0.46134020618556704
2 0.5283505154639175 0.7731958762886598 0.36082474226804123 0.422680412371134
0 0.8492268041237113 0.8466494845360825 0.3015463917525773 0.23969072164948454
0 0.8260309278350515 0.42912371134020616 0.3479381443298969 0.14175257731958762