0 0.23918269230769232 0.4651442307692308 0.47836538461538464 0.2283653846153846
0 0.19591346153846154 0.2127403846153846 0.3918269230769231 0.4254807692307692
0 0.9387019230769231 0.5024038461538461 0.12259615384615384 0.15384615384615385
2 0.9459134615384616 0.042067307692307696 0.10817307692307693 0.08413461538461539
2 0.6887019230769231 0.28966346153846156 0.4206730769230769 0.5793269230769231
0 0.41225961538461536 0.8209134615384616 0.13221153846153846 0.20432692307692307
2 0.20192307692307693 0.8197115384615384 0.40384615384615385 0.3605769230769231
0 0.890625 0.7536057692307693 0.21875 0.34375
2 0.9098557692307693 0.8870192307692307 0.18028846153846154 0.22596153846153846
0 0.6430288461538461 0.6862980769230769 0.3293269230769231 0.21394230769230768
2 0.5600961538461539 0.8425480769230769 0.16346153846153846 0.31490384615384615