2 0.17051282051282052 0.2641025641025641 0.34102564102564104 0.1076923076923077
0 0.06282051282051282 0.07564102564102564 0.12564102564102564 0.15128205128205127
0 0.7794871794871795 0.08461538461538462 0.4 0.16923076923076924
2 0.5153846153846153 0.841025641025641 0.1282051282051282 0.2153846153846154
0 0.23974358974358975 0.7128205128205128 0.21025641025641026 0.20512820512820512
0 0.36153846153846153 0.5487179487179488 0.4358974358974359 0.19487179487179487
2 0.47307692307692306 0.36153846153846153 0.2128205128205128 0.08717948717948718
2 0.08846153846153847 0.47435897435897434 0.17692307692307693 0.3128205128205128
0 0.9294871794871795 0.6987179487179487 0.14102564102564102 0.24871794871794872
0 0.7192307692307692 0.8358974358974359 0.2153846153846154 0.258974358974359
2 0.7333333333333333 0.9628205128205128 0.1641025641025641 0.07435897435897436
2 0.7166666666666667 0.46025641025641023 0.2743589743589744 0.2846153846153846