0 0.5072815533980582 0.2645631067961165 0.24271844660194175 0.529126213592233
2 0.5351941747572816 0.12014563106796117 0.17718446601941748 0.24029126213592233
2 0.05461165048543689 0.2087378640776699 0.10922330097087378 0.4174757281553398
0 0.19902912621359223 0.4550970873786408 0.39805825242718446 0.14805825242718446
2 0.7985436893203883 0.13349514563106796 0.33980582524271846 0.2669902912621359
0 0.8058252427184466 0.13349514563106796 0.35436893203883496 0.2669902912621359
0 0.8907766990291263 0.39684466019417475 0.21844660194174756 0.2645631067961165
0 0.741504854368932 0.35194174757281554 0.22572815533980584 0.35436893203883496
2 0.5097087378640777 0.6990291262135923 0.23786407766990292 0.30097087378640774
0 0.3143203883495146 0.7475728155339806 0.5606796116504854 0.4368932038834951
0 0.27548543689320387 0.9259708737864077 0.5509708737864077 0.14805825242718446
2 0.933252427184466 0.7985436893203883 0.13349514563106796 0.4029126213592233
2 0.8046116504854369 0.6201456310679612 0.35194174757281554 0.1820388349514563
0 0.8155339805825242 0.7427184466019418 0.33737864077669905 0.4077669902912621