0 0.1434010152284264 0.08375634517766498 0.2868020304568528 0.16751269035532995
0 0.20304568527918782 0.10025380710659898 0.40609137055837563 0.20050761421319796
2 0.5380710659898477 0.0850253807106599 0.2233502538071066 0.1700507614213198
2 0.5355329949238579 0.4746192893401015 0.116751269035533 0.14720812182741116
0 0.567258883248731 0.47081218274111675 0.1649746192893401 0.1548223350253807
2 0.7398477157360406 0.27411167512690354 0.1802030456852792 0.5482233502538071
0 0.8553299492385786 0.2398477157360406 0.2893401015228426 0.4796954314720812
2 0.16878172588832488 0.7017766497461929 0.33756345177664976 0.30710659898477155
2 0.4593908629441624 0.6598984771573604 0.38071065989847713 0.2233502538071066
2 0.7588832487309645 0.8642131979695431 0.2182741116751269 0.2715736040609137
2 0.8730964467005076 0.6345177664974619 0.25380710659898476 0.17258883248730963
2 0.9251269035532995 0.7093908629441624 0.14974619289340102 0.13959390862944163
0 0.9238578680203046 0.7258883248730964 0.15228426395939088 0.26903553299492383