0 0.26903553299492383 0.3286802030456853 0.29949238578680204 0.41878172588832485
0 0.10786802030456853 0.36928934010152287 0.21573604060913706 0.33756345177664976
2 0.9314720812182741 0.13451776649746192 0.13705583756345177 0.26903553299492383
0 0.8210659898477157 0.2906091370558376 0.35786802030456855 0.3730964467005076
2 0.8236040609137056 0.4352791878172589 0.35279187817258884 0.20558375634517767
0 0.5304568527918782 0.28045685279187815 0.2233502538071066 0.4086294416243655
0 0.5380710659898477 0.32614213197969544 0.23857868020304568 0.2817258883248731
2 0.5126903553299492 0.1383248730964467 0.18781725888324874 0.2766497461928934
2 0.8147208121827412 0.6205583756345178 0.37055837563451777 0.1649746192893401
0 0.8362944162436549 0.7220812182741116 0.32741116751269034 0.3680203045685279
2 0.8756345177664975 0.9022842639593909 0.24873096446700507 0.19543147208121828
0 0.5862944162436549 0.7474619289340102 0.3350253807106599 0.41878172588832485
0 0.6345177664974619 0.9175126903553299 0.43147208121827413 0.1649746192893401