0 0.04871794871794872 0.37564102564102564 0.09743589743589744 0.2282051282051282
0 0.17435897435897435 0.1064102564102564 0.3487179487179487 0.2128205128205128
2 0.12051282051282051 0.26282051282051283 0.24102564102564103 0.2846153846153846
0 0.4 0.26666666666666666 0.07692307692307693 0.2512820512820513
2 0.391025641025641 0.42435897435897435 0.09487179487179487 0.13076923076923078
2 0.7371794871794872 0.23076923076923078 0.3717948717948718 0.46153846153846156
0 0.9397435897435897 0.24102564102564103 0.12051282051282051 0.48205128205128206
2 0.047435897435897434 0.7076923076923077 0.09487179487179487 0.09230769230769231
0 0.28974358974358977 0.8923076923076924 0.29743589743589743 0.2153846153846154
0 0.6307692307692307 0.8448717948717949 0.38461538461538464 0.30512820512820515
2 0.5961538461538461 0.9692307692307692 0.23333333333333334 0.06153846153846154
0 0.9128205128205128 0.95 0.17435897435897435 0.1
0 0.9128205128205128 0.7782051282051282 0.17435897435897435 0.44358974358974357