2 0.21391752577319587 0.11082474226804123 0.42783505154639173 0.22164948453608246
0 0.788659793814433 0.18685567010309279 0.422680412371134 0.37371134020618557
2 0.7731958762886598 0.43943298969072164 0.4536082474226804 0.17783505154639176
2 0.779639175257732 0.37757731958762886 0.44072164948453607 0.3015463917525773
2 0.5347938144329897 0.15979381443298968 0.21391752577319587 0.25257731958762886
0 0.27963917525773196 0.6752577319587629 0.2963917525773196 0.29381443298969073
2 0.25128865979381443 0.7255154639175257 0.35309278350515466 0.3015463917525773
0 0.21391752577319587 0.8556701030927835 0.42783505154639173 0.28865979381443296
2 0.9149484536082474 0.7487113402061856 0.17010309278350516 0.44072164948453607
0 0.9123711340206185 0.7641752577319587 0.17525773195876287 0.47164948453608246
2 0.6829896907216495 0.7242268041237113 0.5103092783505154 0.3917525773195876
2 0.6507731958762887 0.8930412371134021 0.44587628865979384 0.21391752577319587