2 0.4026442307692308 0.2512019230769231 0.21394230769230768 0.5024038461538461
0 0.32572115384615385 0.3137019230769231 0.36778846153846156 0.6033653846153846
2 0.33774038461538464 0.6141826923076923 0.34375 0.10817307692307693
0 0.8137019230769231 0.17668269230769232 0.37259615384615385 0.35336538461538464
0 0.859375 0.47716346153846156 0.28125 0.38221153846153844
0 0.7247596153846154 0.47596153846153844 0.43028846153846156 0.38461538461538464
2 0.34975961538461536 0.7211538461538461 0.31971153846153844 0.10576923076923077
0 0.4495192307692308 0.8689903846153846 0.1201923076923077 0.2620192307692308
2 0.3269230769230769 0.9134615384615384 0.17307692307692307 0.17307692307692307
0 0.8088942307692307 0.8341346153846154 0.38221153846153844 0.3317307692307692
0 0.6514423076923077 0.7355769230769231 0.28365384615384615 0.1346153846153846