0 0.4221105527638191 0.08165829145728644 0.3869346733668342 0.16331658291457288
2 0.4472361809045226 0.25125628140703515 0.2638190954773869 0.19597989949748743
0 0.25 0.43090452261306533 0.4849246231155779 0.3743718592964824
0 0.5201005025125628 0.4685929648241206 0.2814070351758794 0.2989949748743719
0 0.8178391959798995 0.10427135678391959 0.27889447236180903 0.20854271356783918
2 0.9447236180904522 0.12814070351758794 0.11055276381909548 0.2562814070351759
2 0.9246231155778895 0.4648241206030151 0.1507537688442211 0.3065326633165829
0 0.3655778894472362 0.6959798994974874 0.1884422110552764 0.15577889447236182
2 0.17462311557788945 0.6771356783919598 0.17839195979899497 0.11809045226130653
0 0.507537688442211 0.7135678391959799 0.24623115577889448 0.19095477386934673
2 0.5753768844221105 0.7261306532663316 0.20603015075376885 0.21608040201005024
2 0.17587939698492464 0.8881909547738693 0.35175879396984927 0.2236180904522613
0 0.9208542713567839 0.7751256281407035 0.15829145728643215 0.314070351758794
2 0.9723618090452262 0.9133165829145728 0.05527638190954774 0.11809045226130653
0 0.8065326633165829 0.9472361809045227 0.23618090452261306 0.10552763819095477