0 0.17154255319148937 0.20611702127659576 0.34308510638297873 0.4122340425531915
2 0.1768617021276596 0.3351063829787234 0.3537234042553192 0.2074468085106383
0 0.4148936170212766 0.28324468085106386 0.1702127659574468 0.31117021276595747
2 0.9029255319148937 0.300531914893617 0.19414893617021275 0.2765957446808511
0 0.11702127659574468 0.5784574468085106 0.23404255319148937 0.1356382978723404
2 0.18085106382978725 0.49867021276595747 0.09042553191489362 0.1196808510638298
0 0.37101063829787234 0.7101063829787234 0.2579787234042553 0.19148936170212766
2 0.3550531914893617 0.5625 0.2898936170212766 0.2473404255319149
0 0.6742021276595744 0.9561170212765957 0.26861702127659576 0.08776595744680851
0 0.6742021276595744 0.574468085106383 0.22074468085106383 0.2712765957446808
0 0.8617021276595744 0.6050531914893617 0.1702127659574468 0.23138297872340424
2 0.8763297872340425 0.46808510638297873 0.22606382978723405 0.05851063829787234