2 0.056490384615384616 0.0673076923076923 0.11298076923076923 0.1346153846153846
0 0.26322115384615385 0.12980769230769232 0.3918269230769231 0.25961538461538464
0 0.6574519230769231 0.12980769230769232 0.39663461538461536 0.25961538461538464
2 0.8677884615384616 0.12980769230769232 0.2644230769230769 0.25961538461538464
0 0.11658653846153846 0.5384615384615384 0.23317307692307693 0.3942307692307692
2 0.1466346153846154 0.38341346153846156 0.2932692307692308 0.24759615384615385
0 0.037259615384615384 0.84375 0.07451923076923077 0.27884615384615385
2 0.33533653846153844 0.3798076923076923 0.23557692307692307 0.20673076923076922
2 0.6778846153846154 0.7115384615384616 0.4375 0.5769230769230769
2 0.9471153846153846 0.6418269230769231 0.10576923076923077 0.2644230769230769
0 0.8894230769230769 0.7860576923076923 0.22115384615384615 0.42788461538461536