2 0.07178217821782178 0.16831683168316833 0.14356435643564355 0.21287128712871287
0 0.30074257425742573 0.4034653465346535 0.5173267326732673 0.2524752475247525
2 0.275990099009901 0.1646039603960396 0.35396039603960394 0.3292079207920792
0 0.36633663366336633 0.18564356435643564 0.38613861386138615 0.3712871287128713
0 0.6534653465346535 0.19801980198019803 0.18811881188118812 0.39603960396039606
2 0.6621287128712872 0.1311881188118812 0.20544554455445543 0.1782178217821782
2 0.11633663366336634 0.629950495049505 0.23267326732673269 0.2004950495049505
2 0.07301980198019802 0.8106435643564357 0.14603960396039603 0.30445544554455445
2 0.3217821782178218 0.7698019801980198 0.36633663366336633 0.41336633663366334
2 0.7797029702970297 0.8836633663366337 0.4405940594059406 0.23267326732673269
2 0.7797029702970297 0.6868811881188119 0.4405940594059406 0.31435643564356436
0 0.8576732673267327 0.6039603960396039 0.28465346534653463 0.1485148514851485