2 0.3400537634408602 0.17473118279569894 0.13709677419354838 0.34946236559139787
0 0.13172043010752688 0.17473118279569894 0.26344086021505375 0.34946236559139787
2 0.5860215053763441 0.10349462365591398 0.3548387096774194 0.20698924731182797
2 0.20430107526881722 0.5456989247311828 0.40860215053763443 0.3924731182795699
2 0.11290322580645161 0.8521505376344086 0.22580645161290322 0.2956989247311828
2 0.8575268817204301 0.44086021505376344 0.2849462365591398 0.1827956989247312
0 0.8615591397849462 0.5524193548387096 0.2768817204301075 0.3897849462365591
0 0.8091397849462365 0.821236559139785 0.3817204301075269 0.3575268817204301
0 0.5443548387096774 0.4905913978494624 0.271505376344086 0.28225806451612906
0 0.5268817204301075 0.8548387096774194 0.23655913978494625 0.17204301075268819
2 0.4771505376344086 0.9193548387096774 0.13709677419354838 0.13440860215053763