0 0.4304812834224599 0.16042780748663102 0.20855614973262032 0.32085561497326204
2 0.2179144385026738 0.1590909090909091 0.4358288770053476 0.3181818181818182
2 0.4959893048128342 0.17379679144385027 0.10427807486631016 0.34759358288770054
0 0.2232620320855615 0.3048128342245989 0.446524064171123 0.1657754010695187
2 0.8061497326203209 0.3422459893048128 0.3074866310160428 0.09090909090909091
0 0.19385026737967914 0.5133689839572193 0.35561497326203206 0.25133689839572193
0 0.47058823529411764 0.6056149732620321 0.15508021390374332 0.4358288770053476
0 0.10828877005347594 0.8315508021390374 0.21657754010695188 0.33689839572192515
2 0.32486631016042783 0.9010695187165776 0.4197860962566845 0.19786096256684493
2 0.7767379679144385 0.5254010695187166 0.22727272727272727 0.27540106951871657
0 0.6671122994652406 0.5187165775401069 0.23796791443850268 0.2620320855614973
0 0.9184491978609626 0.5548128342245989 0.16310160427807488 0.3342245989304813
0 0.8315508021390374 0.8155080213903744 0.33689839572192515 0.3689839572192513