2 0.35 0.23902439024390243 0.348780487804878 0.47804878048780486
0 0.4902439024390244 0.27195121951219514 0.25853658536585367 0.4121951219512195
0 0.6902439024390243 0.1975609756097561 0.14146341463414633 0.3951219512195122
0 0.9365853658536586 0.16463414634146342 0.12682926829268293 0.32926829268292684
0 0.8158536585365853 0.17926829268292682 0.36829268292682926 0.35853658536585364
0 0.15365853658536585 0.5902439024390244 0.3073170731707317 0.22439024390243903
2 0.05365853658536585 0.5926829268292683 0.1073170731707317 0.22926829268292684
2 0.5317073170731708 0.5329268292682927 0.17560975609756097 0.10975609756097561
0 0.17804878048780487 0.8317073170731707 0.35609756097560974 0.33658536585365856
2 0.34146341463414637 0.8207317073170731 0.4926829268292683 0.35853658536585364
2 0.7719512195121951 0.6731707317073171 0.3048780487804878 0.3902439024390244
2 0.9060975609756098 0.676829268292683 0.1878048780487805 0.3975609756097561