2 0.2803398058252427 0.11165048543689321 0.3567961165048544 0.22330097087378642
2 0.2536407766990291 0.21359223300970873 0.3932038834951456 0.16990291262135923
2 0.23300970873786409 0.2669902912621359 0.14563106796116504 0.08009708737864078
0 0.12257281553398058 0.3483009708737864 0.24514563106796117 0.25970873786407767
0 0.7597087378640777 0.2645631067961165 0.4368932038834951 0.529126213592233
2 0.5570388349514563 0.2645631067961165 0.1966019417475728 0.529126213592233
2 0.2524271844660194 0.7220873786407767 0.41262135922330095 0.3859223300970874
0 0.07281553398058252 0.7609223300970874 0.14563106796116504 0.46359223300970875
0 0.8264563106796117 0.8992718446601942 0.3470873786407767 0.20145631067961164
2 0.816747572815534 0.6201456310679612 0.36650485436893204 0.1820388349514563
2 0.7766990291262136 0.7342233009708737 0.44660194174757284 0.24514563106796117
2 0.5182038834951457 0.7779126213592233 0.11893203883495146 0.1966019417475728
0 0.5169902912621359 0.6444174757281553 0.11650485436893204 0.23058252427184467