0 0.27487562189054726 0.15049751243781095 0.3656716417910448 0.236318407960199
0 0.7425373134328358 0.14303482587064675 0.5149253731343284 0.2512437810945274
0 0.4154228855721393 0.5534825870646766 0.0845771144278607 0.26119402985074625
0 0.19154228855721392 0.5559701492537313 0.38308457711442784 0.26119402985074625
0 0.18781094527363185 0.4191542288557214 0.3756218905472637 0.3009950248756219
2 0.09825870646766169 0.8955223880597015 0.19651741293532338 0.208955223880597
2 0.6057213930348259 0.31592039800995025 0.13681592039800994 0.0945273631840796
2 0.7736318407960199 0.7661691542288557 0.41044776119402987 0.27611940298507465
2 0.7437810945273632 0.5348258706467661 0.3805970149253731 0.32338308457711445
2 0.5236318407960199 0.7835820895522388 0.1318407960199005 0.43283582089552236
0 0.513681592039801 0.5261194029850746 0.11194029850746269 0.4154228855721393