2 0.1747448979591837 0.22448979591836735 0.3494897959183674 0.32653061224489793
2 0.35714285714285715 0.3137755102040816 0.10204081632653061 0.6275510204081632
2 0.4413265306122449 0.43494897959183676 0.0663265306122449 0.29336734693877553
0 0.5739795918367347 0.3137755102040816 0.33163265306122447 0.6275510204081632
0 0.8443877551020408 0.4005102040816326 0.3112244897959184 0.4030612244897959
2 0.9068877551020408 0.4642857142857143 0.18622448979591838 0.32653061224489793
2 0.058673469387755105 0.7869897959183674 0.11734693877551021 0.288265306122449
2 0.29209183673469385 0.7538265306122449 0.23214285714285715 0.2372448979591837
0 0.336734693877551 0.8864795918367347 0.14285714285714285 0.22704081632653061
2 0.46938775510204084 0.9145408163265306 0.12244897959183673 0.17091836734693877
0 0.7844387755102041 0.8099489795918368 0.43112244897959184 0.288265306122449