0 0.3195187165775401 0.25 0.3609625668449198 0.5
2 0.20320855614973263 0.27807486631016043 0.40641711229946526 0.4919786096256685
2 0.20989304812834225 0.5414438502673797 0.22192513368983957 0.11497326203208556
0 0.10561497326203209 0.5508021390374331 0.21122994652406418 0.0962566844919786
2 0.5521390374331551 0.2647058823529412 0.10427807486631016 0.18181818181818182
2 0.9131016042780749 0.1497326203208556 0.17379679144385027 0.2994652406417112
2 0.7513368983957219 0.16711229946524064 0.37433155080213903 0.3342245989304813
0 0.589572192513369 0.4532085561497326 0.17914438502673796 0.2914438502673797
2 0.9358288770053476 0.40106951871657753 0.12834224598930483 0.39572192513368987
0 0.8048128342245989 0.42379679144385024 0.39037433155080214 0.3502673796791444
0 0.303475935828877 0.7005347593582888 0.393048128342246 0.20320855614973263
2 0.16443850267379678 0.7032085561497327 0.32887700534759357 0.20855614973262032
0 0.053475935828877004 0.8917112299465241 0.10695187165775401 0.21657754010695188
0 0.4451871657754011 0.9171122994652406 0.10962566844919786 0.1657754010695187
2 0.8248663101604278 0.7620320855614974 0.3502673796791444 0.18716577540106952
0 0.8101604278074866 0.8703208556149733 0.37967914438502676 0.25935828877005346