2 0.33578431372549017 0.051470588235294115 0.19117647058823528 0.10294117647058823
2 0.2267156862745098 0.06372549019607843 0.14950980392156862 0.12745098039215685
0 0.13357843137254902 0.11274509803921569 0.26715686274509803 0.22549019607843138
0 0.49387254901960786 0.1875 0.09068627450980392 0.3553921568627451
2 0.27941176470588236 0.4424019607843137 0.36764705882352944 0.4338235294117647
2 0.10784313725490197 0.3713235294117647 0.21568627450980393 0.5759803921568627
2 0.4166666666666667 0.4730392156862745 0.24509803921568626 0.37254901960784315
0 0.5968137254901961 0.3088235294117647 0.11519607843137254 0.39705882352941174
2 0.6041666666666666 0.38235294117647056 0.12990196078431374 0.28431372549019607
0 0.9436274509803921 0.47671568627450983 0.11274509803921569 0.36519607843137253
2 0.6850490196078431 0.5343137254901961 0.2916666666666667 0.25
0 0.75 0.8296568627450981 0.4215686274509804 0.34068627450980393