0 0.17424242424242425 0.1111111111111111 0.3484848484848485 0.2222222222222222
0 0.8787878787878788 0.25126262626262624 0.24242424242424243 0.27525252525252525
2 0.6212121212121212 0.08080808080808081 0.2777777777777778 0.16161616161616163
2 0.11994949494949494 0.4911616161616162 0.2398989898989899 0.20454545454545456
0 0.2828282828282828 0.5593434343434344 0.13131313131313133 0.29545454545454547
0 0.22601010101010102 0.9722222222222222 0.24494949494949494 0.05555555555555555
0 0.17424242424242425 0.9204545454545454 0.3484848484848485 0.1590909090909091
0 0.7196969696969697 0.5959595959595959 0.5606060606060606 0.41414141414141414
0 0.73989898989899 0.9002525252525253 0.5202020202020202 0.1994949494949495
2 0.4065656565656566 0.8775252525252525 0.11616161616161616 0.24494949494949494
0 0.4027777777777778 0.803030303030303 0.10858585858585859 0.13131313131313133