2 0.2710526315789474 0.23421052631578948 0.3 0.26842105263157895
0 0.3026315789473684 0.11447368421052631 0.3736842105263158 0.22894736842105262
2 0.5855263157894737 0.18421052631578946 0.19210526315789472 0.3684210526315789
0 0.4342105263157895 0.6144736842105263 0.11052631578947368 0.3447368421052632
2 0.4328947368421053 0.8868421052631579 0.11315789473684211 0.22631578947368422
2 0.24736842105263157 0.41973684210526313 0.3 0.10263157894736842
2 0.2131578947368421 0.868421052631579 0.4263157894736842 0.2631578947368421
2 0.8973684210526316 0.4407894736842105 0.20526315789473684 0.14473684210526316
0 0.8921052631578947 0.5289473684210526 0.21578947368421053 0.32105263157894737
2 0.6578947368421053 0.5355263157894737 0.3368421052631579 0.33421052631578946
2 0.6513157894736842 0.6328947368421053 0.3236842105263158 0.1394736842105263
2 0.6671052631578948 0.8394736842105263 0.35526315789473684 0.32105263157894737