0 0.15671641791044777 0.18781094527363185 0.31343283582089554 0.3756218905472637
2 0.2512437810945274 0.4502487562189055 0.2537313432835821 0.07462686567164178
0 0.5895522388059702 0.03109452736318408 0.1691542288557214 0.06218905472636816
2 0.7425373134328358 0.2997512437810945 0.3880597014925373 0.25870646766169153
0 0.7823383084577115 0.20398009950248755 0.43532338308457713 0.4079601990049751
2 0.7388059701492538 0.43283582089552236 0.5223880597014925 0.10945273631840796
2 0.20398009950248755 0.7437810945273632 0.4079601990049751 0.5124378109452736
2 0.677860696517413 0.5211442786069652 0.5398009950248757 0.06716417910447761
2 0.5671641791044776 0.6082089552238806 0.31840796019900497 0.24129353233830847
0 0.6007462686567164 0.7786069651741293 0.3855721393034826 0.43283582089552236
0 0.8743781094527363 0.7723880597014925 0.2512437810945274 0.4552238805970149