0 0.21843434343434343 0.13131313131313133 0.43686868686868685 0.26262626262626265
2 0.17424242424242425 0.5063131313131313 0.3484848484848485 0.44696969696969696
2 0.37247474747474746 0.39646464646464646 0.17424242424242425 0.3333333333333333
0 0.5037878787878788 0.11742424242424243 0.08838383838383838 0.23484848484848486
0 0.8308080808080808 0.28535353535353536 0.3383838383838384 0.5707070707070707
2 0.9368686868686869 0.03535353535353535 0.12626262626262627 0.0707070707070707
2 0.5366161616161617 0.6325757575757576 0.15404040404040403 0.19444444444444445
0 0.8686868686868687 0.6338383838383839 0.2474747474747475 0.1919191919191919
0 0.11616161616161616 0.86489898989899 0.21212121212121213 0.2702020202020202
2 0.3194444444444444 0.86489898989899 0.2803030303030303 0.2702020202020202
2 0.9356060606060606 0.7992424242424242 0.12878787878787878 0.1388888888888889
0 0.8888888888888888 0.9368686868686869 0.2222222222222222 0.12626262626262627