2 0.2017766497461929 0.07487309644670051 0.4035532994923858 0.14974619289340102
2 0.10025380710659898 0.3629441624365482 0.20050761421319796 0.3299492385786802
2 0.4796954314720812 0.10786802030456853 0.2182741116751269 0.21573604060913706
2 0.47081218274111675 0.350253807106599 0.23604060913705585 0.3553299492385787
2 0.7791878172588832 0.03934010152284264 0.22842639593908629 0.07868020304568528
0 0.7525380710659898 0.36421319796954316 0.32741116751269034 0.32741116751269034
0 0.9276649746192893 0.08883248730964467 0.1446700507614213 0.17766497461928935
0 0.9378172588832487 0.467005076142132 0.12436548223350254 0.1218274111675127
0 0.09644670050761421 0.5736040609137056 0.19289340101522842 0.09137055837563451
2 0.3426395939086294 0.616751269035533 0.29441624365482233 0.17766497461928935
0 0.3934010152284264 0.5901015228426396 0.39086294416243655 0.12436548223350254
0 0.7944162436548223 0.7246192893401016 0.41116751269035534 0.26649746192893403
2 0.8604060913705583 0.6687817258883249 0.27918781725888325 0.2817258883248731