0 0.1256218905472637 0.5124378109452736 0.2512437810945274 0.36318407960199006
2 0.11567164179104478 0.6592039800995025 0.23134328358208955 0.1791044776119403
0 0.10074626865671642 0.1828358208955224 0.20149253731343283 0.24129353233830847
2 0.32338308457711445 0.6865671641791045 0.21890547263681592 0.12437810945273632
2 0.4490049751243781 0.022388059701492536 0.3407960199004975 0.04477611940298507
2 0.7972636815920398 0.5509950248756219 0.35572139303482586 0.39552238805970147
2 0.6455223880597015 0.26492537313432835 0.05223880597014925 0.18159203980099503
0 0.7039800995024875 0.10945273631840796 0.1691542288557214 0.21890547263681592
0 0.05721393034825871 0.835820895522388 0.11442786069651742 0.17412935323383086
0 0.3582089552238806 0.8383084577114428 0.5223880597014925 0.1791044776119403
2 0.9427860696517413 0.9253731343283582 0.11442786069651742 0.14925373134328357