0 0.16622340425531915 0.2859042553191489 0.2845744680851064 0.4973404255319149
2 0.20611702127659576 0.05053191489361702 0.2047872340425532 0.10106382978723404
2 0.04521276595744681 0.25398936170212766 0.09042553191489362 0.5079787234042553
0 0.9281914893617021 0.12898936170212766 0.14361702127659576 0.2579787234042553
0 0.8882978723404256 0.3882978723404255 0.22340425531914893 0.3404255319148936
0 0.6196808510638298 0.11303191489361702 0.6223404255319149 0.22606382978723405
2 0.5837765957446809 0.31648936170212766 0.550531914893617 0.48404255319148937
2 0.09707446808510638 0.839095744680851 0.19414893617021275 0.32180851063829785
2 0.11702127659574468 0.6941489361702128 0.23404255319148937 0.2712765957446808
0 0.7473404255319149 0.5784574468085106 0.2553191489361702 0.0398936170212766
2 0.5797872340425532 0.6622340425531915 0.5425531914893617 0.2074468085106383