2 0.4876237623762376 0.08044554455445545 0.08415841584158416 0.06683168316831684
2 0.19554455445544555 0.0594059405940594 0.2871287128712871 0.1188118811881188
2 0.45544554455445546 0.1485148514851485 0.1485148514851485 0.09900990099009901
0 0.3948019801980198 0.25 0.18564356435643564 0.25742574257425743
0 0.25866336633663367 0.23886138613861385 0.15099009900990099 0.27970297029702973
0 0.8935643564356436 0.10891089108910891 0.21287128712871287 0.21782178217821782
0 0.6485148514851485 0.1150990099009901 0.2376237623762376 0.2301980198019802
2 0.7301980198019802 0.27970297029702973 0.400990099009901 0.19801980198019803
0 0.21287128712871287 0.5024752475247525 0.16336633663366337 0.24752475247524752
2 0.39851485148514854 0.5024752475247525 0.15841584158415842 0.24752475247524752
0 0.09034653465346534 0.5012376237623762 0.1806930693069307 0.24504950495049505
2 0.04826732673267327 0.5037128712871287 0.09653465346534654 0.25
2 0.37623762376237624 0.8527227722772277 0.3069306930693069 0.29455445544554454
2 0.09158415841584158 0.8923267326732673 0.18316831683168316 0.21534653465346534
0 0.780940594059406 0.5457920792079208 0.4381188118811881 0.3341584158415842
2 0.7896039603960396 0.8254950495049505 0.4207920792079208 0.349009900990099