0 0.7017766497461929 0.24238578680203046 0.2715736040609137 0.4847715736040609
2 0.799492385786802 0.2817258883248731 0.07614213197969544 0.2233502538071066
2 0.34517766497461927 0.25 0.5279187817258884 0.5
0 0.9213197969543148 0.0583756345177665 0.15736040609137056 0.116751269035533
2 0.9670050761421319 0.3020304568527919 0.06598984771573604 0.39593908629441626
2 0.766497461928934 0.6116751269035533 0.14213197969543148 0.18274111675126903
0 0.1649746192893401 0.616751269035533 0.3299492385786802 0.233502538071066
0 0.4263959390862944 0.8565989847715736 0.18781725888324874 0.2868020304568528
2 0.7322335025380711 0.850253807106599 0.21065989847715735 0.29949238578680204
2 0.1865482233502538 0.8591370558375635 0.3730964467005076 0.2817258883248731
2 0.9073604060913706 0.6472081218274112 0.13959390862944163 0.19289340101522842