2 0.05897435897435897 0.3487179487179487 0.11794871794871795 0.1794871794871795
2 0.1794871794871795 0.48333333333333334 0.358974358974359 0.2128205128205128
2 0.23333333333333334 0.1282051282051282 0.2512820512820513 0.2564102564102564
2 0.11153846153846154 0.08974358974358974 0.2230769230769231 0.1794871794871795
0 0.6435897435897436 0.43333333333333335 0.5076923076923077 0.3333333333333333
2 0.6564102564102564 0.25384615384615383 0.5641025641025641 0.41794871794871796
0 0.5782051282051283 0.7692307692307693 0.31794871794871793 0.18717948717948718
2 0.5705128205128205 0.8538461538461538 0.33589743589743587 0.2923076923076923
0 0.5923076923076923 0.6705128205128205 0.4666666666666667 0.14102564102564102
0 0.9064102564102564 0.8525641025641025 0.18717948717948718 0.17692307692307693
2 0.8628205128205129 0.7217948717948718 0.2743589743589744 0.24358974358974358