2 0.1796875 0.20442708333333334 0.359375 0.4088541666666667
2 0.9322916666666666 0.20442708333333334 0.13541666666666666 0.4088541666666667
2 0.6484375 0.20442708333333334 0.578125 0.4088541666666667
0 0.21744791666666666 0.4934895833333333 0.2838541666666667 0.16927083333333334
2 0.23958333333333334 0.58203125 0.20052083333333334 0.10677083333333333
2 0.24609375 0.8958333333333334 0.2265625 0.20833333333333334
0 0.8528645833333334 0.56640625 0.2630208333333333 0.28125
2 0.9622395833333334 0.8151041666666666 0.07552083333333333 0.2864583333333333
0 0.87890625 0.8190104166666666 0.2421875 0.3046875
2 0.55859375 0.578125 0.3984375 0.3385416666666667
0 0.53515625 0.8463541666666666 0.3515625 0.3072916666666667
2 0.6315104166666666 0.9153645833333334 0.3932291666666667 0.16927083333333334