0 0.275990099009901 0.07425742574257425 0.2103960396039604 0.1485148514851485
2 0.14232673267326731 0.349009900990099 0.28465346534653463 0.4801980198019802
2 0.46410891089108913 0.14232673267326731 0.2896039603960396 0.28465346534653463
0 0.3910891089108911 0.3626237623762376 0.43564356435643564 0.452970297029703
0 0.6881188118811881 0.34034653465346537 0.15841584158415842 0.4381188118811881
2 0.6571782178217822 0.5123762376237624 0.09653465346534654 0.15346534653465346
0 0.8787128712871287 0.2202970297029703 0.24257425742574257 0.4405940594059406
0 0.806930693069307 0.4306930693069307 0.38613861386138615 0.31683168316831684
0 0.2599009900990099 0.7871287128712872 0.3118811881188119 0.2103960396039604
2 0.297029702970297 0.7289603960396039 0.3316831683168317 0.27970297029702973
0 0.19183168316831684 0.8601485148514851 0.38366336633663367 0.27970297029702973
0 0.5396039603960396 0.9146039603960396 0.13861386138613863 0.1707920792079208
0 0.7103960396039604 0.7945544554455446 0.20297029702970298 0.41089108910891087