2 0.25738916256157635 0.21674876847290642 0.2044334975369458 0.12315270935960591
2 0.9174876847290641 0.1022167487684729 0.16502463054187191 0.2044334975369458
0 0.916256157635468 0.16379310344827586 0.16748768472906403 0.229064039408867
0 0.6219211822660099 0.13916256157635468 0.5246305418719212 0.27832512315270935
0 0.29802955665024633 0.35714285714285715 0.12315270935960591 0.15763546798029557
0 0.31896551724137934 0.875615763546798 0.0812807881773399 0.24876847290640394
0 0.12315270935960591 0.49137931034482757 0.24630541871921183 0.42610837438423643
0 0.17980295566502463 0.833743842364532 0.35960591133004927 0.33251231527093594
2 0.9556650246305419 0.3103448275862069 0.08866995073891626 0.06403940886699508
0 0.791871921182266 0.3288177339901478 0.3522167487684729 0.10098522167487685
0 0.8362068965517241 0.6527093596059114 0.3275862068965517 0.6945812807881774
0 0.5172413793103449 0.3682266009852217 0.31527093596059114 0.17980295566502463
2 0.5874384236453202 0.6834975369458128 0.45566502463054187 0.6330049261083743