2 0.3478835978835979 0.1388888888888889 0.2619047619047619 0.2777777777777778
0 0.28835978835978837 0.1402116402116402 0.38095238095238093 0.2804232804232804
0 0.2724867724867725 0.27116402116402116 0.4126984126984127 0.11375661375661375
0 0.8756613756613757 0.2222222222222222 0.24867724867724866 0.21164021164021163
2 0.671957671957672 0.17857142857142858 0.3862433862433862 0.29894179894179895
0 0.3253968253968254 0.5211640211640212 0.30687830687830686 0.3862433862433862
2 0.21693121693121692 0.533068783068783 0.25925925925925924 0.31216931216931215
2 0.22354497354497355 0.791005291005291 0.4470899470899471 0.41798941798941797
0 0.8835978835978836 0.4523809523809524 0.2328042328042328 0.24867724867724866
0 0.6851851851851852 0.43386243386243384 0.3492063492063492 0.21164021164021163
2 0.8121693121693122 0.7513227513227513 0.37566137566137564 0.4973544973544973
0 0.6097883597883598 0.7777777777777778 0.2619047619047619 0.4444444444444444
2 0.5529100529100529 0.6574074074074074 0.14814814814814814 0.42063492063492064