2 0.25133689839572193 0.012032085561497326 0.06951871657754011 0.02406417112299465
0 0.1537433155080214 0.1537433155080214 0.3074866310160428 0.3074866310160428
0 0.516042780748663 0.1537433155080214 0.46524064171123 0.3074866310160428
0 0.17647058823529413 0.4117647058823529 0.35294117647058826 0.21390374331550802
2 0.5414438502673797 0.4050802139037433 0.4144385026737968 0.22727272727272727
0 0.8743315508021391 0.3302139037433155 0.25133689839572193 0.3770053475935829
2 0.18716577540106952 0.5721925133689839 0.32085561497326204 0.10695187165775401
2 0.3462566844919786 0.56951871657754 0.19518716577540107 0.10160427807486631
0 0.24064171122994651 0.8088235294117647 0.48128342245989303 0.38235294117647056
2 0.8743315508021391 0.679144385026738 0.25133689839572193 0.32085561497326204
0 0.8689839572192514 0.679144385026738 0.24064171122994651 0.32085561497326204
2 0.8743315508021391 0.9144385026737968 0.25133689839572193 0.1711229946524064