2 0.12105263157894737 0.4131578947368421 0.24210526315789474 0.2736842105263158
0 0.8921052631578947 0.1618421052631579 0.21578947368421053 0.2710526315789474
2 0.9315789473684211 0.03684210526315789 0.1368421052631579 0.07368421052631578
2 0.7828947368421053 0.49736842105263157 0.36578947368421055 0.2631578947368421
2 0.48157894736842105 0.9368421052631579 0.23684210526315788 0.12631578947368421
0 0.4486842105263158 0.7973684210526316 0.3026315789473684 0.3368421052631579
0 0.02763157894736842 0.8776315789473684 0.05526315789473684 0.20789473684210527
2 0.05 0.7657894736842106 0.1 0.2736842105263158
0 0.8644736842105263 0.725 0.2710526315789474 0.19210526315789472
2 0.8328947368421052 0.7473684210526316 0.33421052631578946 0.15263157894736842
2 0.8065789473684211 0.8855263157894737 0.3868421052631579 0.22894736842105262