0 0.6907894736842105 0.18289473684210528 0.11842105263157894 0.2710526315789474
2 0.2381578947368421 0.15921052631578947 0.45526315789473687 0.31842105263157894
2 0.9118421052631579 0.15921052631578947 0.1763157894736842 0.31842105263157894
0 0.5710526315789474 0.425 0.29473684210526313 0.2131578947368421
2 0.6789473684210526 0.46578947368421053 0.14210526315789473 0.18421052631578946
2 0.15789473684210525 0.5447368421052632 0.3157894736842105 0.45263157894736844
2 0.45657894736842103 0.8881578947368421 0.5868421052631579 0.2236842105263158
0 0.7144736842105263 0.925 0.07105263157894737 0.15
2 0.13815789473684212 0.8657894736842106 0.27631578947368424 0.26842105263157895
0 0.875 0.4052631578947368 0.25 0.1736842105263158
2 0.8263157894736842 0.5184210526315789 0.15263157894736842 0.12105263157894737
0 0.8394736842105263 0.875 0.17894736842105263 0.25