2 0.17682926829268292 0.1024390243902439 0.35365853658536583 0.2048780487804878
0 0.18292682926829268 0.10365853658536585 0.36585365853658536 0.2073170731707317
0 0.3 0.37682926829268293 0.21951219512195122 0.36341463414634145
2 0.14268292682926828 0.49146341463414633 0.1975609756097561 0.13414634146341464
0 0.11829268292682926 0.3280487804878049 0.23658536585365852 0.4609756097560976
2 0.7048780487804878 0.24146341463414633 0.5902439024390244 0.48292682926829267
0 0.2329268292682927 0.725609756097561 0.35365853658536583 0.3024390243902439
2 0.08780487804878048 0.6829268292682927 0.17560975609756097 0.24878048780487805
2 0.16951219512195123 0.9426829268292682 0.33902439024390246 0.11463414634146342
2 0.5914634146341463 0.6707317073170732 0.3439024390243902 0.22439024390243903
0 0.7048780487804878 0.8524390243902439 0.5902439024390244 0.2951219512195122