0 0.4260204081632653 0.35586734693877553 0.14795918367346939 0.10459183673469388
2 0.3048469387755102 0.08035714285714286 0.3903061224489796 0.16071428571428573
2 0.8061224489795918 0.20408163265306123 0.3877551020408163 0.40816326530612246
2 0.5892857142857143 0.19387755102040816 0.17857142857142858 0.3877551020408163
2 0.46683673469387754 0.764030612244898 0.0663265306122449 0.25255102040816324
0 0.11989795918367346 0.7257653061224489 0.23979591836734693 0.3137755102040816
2 0.06377551020408163 0.8762755102040817 0.12755102040816327 0.24744897959183673
2 0.798469387755102 0.8813775510204082 0.4030612244897959 0.2372448979591837
0 0.8035714285714286 0.8635204081632653 0.39285714285714285 0.2729591836734694
2 0.8316326530612245 0.5471938775510204 0.336734693877551 0.2780612244897959
0 0.8252551020408163 0.5803571428571429 0.3494897959183674 0.34438775510204084
2 0.5778061224489796 0.8520408163265306 0.1556122448979592 0.29591836734693877
2 0.6147959183673469 0.5701530612244898 0.22959183673469388 0.3239795918367347