2 0.2193877551020408 0.40561224489795916 0.336734693877551 0.2653061224489796
0 0.22576530612244897 0.4642857142857143 0.3239795918367347 0.14795918367346939
2 0.8724489795918368 0.14285714285714285 0.25510204081632654 0.2857142857142857
2 0.8864795918367347 0.26913265306122447 0.22704081632653061 0.5382653061224489
2 0.6772959183673469 0.35714285714285715 0.21173469387755103 0.12244897959183673
0 0.6071428571428571 0.2869897959183674 0.26785714285714285 0.15051020408163265
2 0.3278061224489796 0.9056122448979592 0.11989795918367346 0.16326530612244897
0 0.19005102040816327 0.8469387755102041 0.23214285714285715 0.30612244897959184
0 0.20790816326530612 0.5905612244897959 0.3596938775510204 0.10459183673469388
0 0.06377551020408163 0.8214285714285714 0.12755102040816327 0.35714285714285715
2 0.9056122448979592 0.9502551020408163 0.18877551020408162 0.09948979591836735
0 0.7334183673469388 0.8852040816326531 0.23214285714285715 0.22959183673469388
0 0.7857142857142857 0.6288265306122449 0.42857142857142855 0.18112244897959184
0 0.5293367346938775 0.8596938775510204 0.28316326530612246 0.28061224489795916
2 0.49744897959183676 0.7104591836734694 0.2193877551020408 0.15051020408163265
2 0.44005102040816324 0.6198979591836735 0.10459183673469388 0.16326530612244897