2 0.37817258883248733 0.14720812182741116 0.2182741116751269 0.29441624365482233
2 0.7296954314720813 0.10025380710659898 0.2868020304568528 0.20050761421319796
2 0.5291878172588832 0.31091370558375636 0.5203045685279187 0.1548223350253807
2 0.7423857868020305 0.30710659898477155 0.13451776649746192 0.16243654822335024
0 0.800761421319797 0.3020304568527919 0.2563451776649746 0.17258883248730963
0 0.13451776649746192 0.5 0.26903553299492383 0.2233502538071066
0 0.15101522842639595 0.6763959390862944 0.23604060913705585 0.1751269035532995
2 0.7233502538071066 0.5076142131979695 0.5532994923857868 0.23857868020304568
2 0.4086294416243655 0.7829949238578681 0.27918781725888325 0.3020304568527919
0 0.4581218274111675 0.8477157360406091 0.37817258883248733 0.30456852791878175
2 0.7550761421319797 0.7791878172588832 0.48984771573604063 0.4416243654822335