2 0.39925373134328357 0.25 0.3208955223880597 0.5
2 0.1828358208955224 0.25 0.3656716417910448 0.5
0 0.8582089552238806 0.376865671641791 0.2835820895522388 0.2462686567164179
2 0.6902985074626866 0.26119402985074625 0.26119402985074625 0.47761194029850745
2 0.681592039800995 0.07587064676616916 0.24378109452736318 0.1517412935323383
0 0.7276119402985075 0.07960199004975124 0.3358208955223881 0.15920398009950248
0 0.3445273631840796 0.8271144278606966 0.43034825870646765 0.34577114427860695
2 0.07835820895522388 0.7910447761194029 0.15671641791044777 0.2736318407960199
0 0.7798507462686567 0.9701492537313433 0.44029850746268656 0.05970149253731343
2 0.7798507462686567 0.8271144278606966 0.44029850746268656 0.34577114427860695
0 0.7798507462686567 0.6616915422885572 0.44029850746268656 0.32338308457711445