2 0.2880710659898477 0.06091370558375635 0.3020304568527919 0.1218274111675127
2 0.28045685279187815 0.2017766497461929 0.31725888324873097 0.23604060913705585
2 0.5888324873096447 0.16751269035532995 0.29949238578680204 0.30456852791878175
2 0.868020304568528 0.10786802030456853 0.2639593908629442 0.21573604060913706
0 0.8058375634517766 0.233502538071066 0.3883248730964467 0.17258883248730963
2 0.16624365482233502 0.7703045685279187 0.33248730964467005 0.4593908629441624
2 0.3819796954314721 0.8109137055837563 0.11421319796954314 0.2766497461928934
0 0.3223350253807107 0.866751269035533 0.233502538071066 0.26649746192893403
0 0.6154822335025381 0.6878172588832487 0.35279187817258884 0.4213197969543147
2 0.6472081218274112 0.49111675126903553 0.41116751269035534 0.3426395939086294
0 0.5266497461928934 0.9276649746192893 0.1751269035532995 0.1446700507614213
2 0.8857868020304569 0.5418781725888325 0.22842639593908629 0.22081218274111675