0 0.41709183673469385 0.1441326530612245 0.3903061224489796 0.22704081632653061
2 0.49362244897959184 0.1288265306122449 0.25255102040816324 0.2576530612244898
2 0.7742346938775511 0.10331632653061225 0.3086734693877551 0.2066326530612245
0 0.413265306122449 0.3864795918367347 0.413265306122449 0.2576530612244898
2 0.14285714285714285 0.41581632653061223 0.2857142857142857 0.3163265306122449
0 0.5727040816326531 0.6543367346938775 0.09438775510204081 0.4923469387755102
2 0.2193877551020408 0.8086734693877551 0.34183673469387754 0.3826530612244898
2 0.7614795918367347 0.31505102040816324 0.15051020408163265 0.11479591836734694
2 0.8341836734693877 0.3380102040816326 0.1683673469387755 0.16071428571428573
2 0.8775510204081632 0.2780612244897959 0.09693877551020408 0.04081632653061224
0 0.9030612244897959 0.43112244897959184 0.19387755102040816 0.3469387755102041
2 0.6913265306122449 0.4923469387755102 0.14285714285714285 0.46938775510204084
0 0.8571428571428571 0.7436224489795918 0.2857142857142857 0.5127551020408163
0 0.7397959183673469 0.8150510204081632 0.23979591836734693 0.36989795918367346