0 0.3143203883495146 0.4381067961165049 0.6286407766990292 0.24029126213592233
2 0.3058252427184466 0.4684466019417476 0.32524271844660196 0.1796116504854369
2 0.3179611650485437 0.10436893203883495 0.5097087378640777 0.2087378640776699
2 0.025485436893203883 0.32524271844660196 0.050970873786407765 0.4368932038834951
2 0.8143203883495146 0.38106796116504854 0.3713592233009709 0.35436893203883496
2 0.9211165048543689 0.2961165048543689 0.15776699029126215 0.16019417475728157
0 0.8143203883495146 0.22451456310679613 0.3713592233009709 0.30339805825242716
0 0.5497572815533981 0.8264563106796117 0.15776699029126215 0.3470873786407767
0 0.28398058252427183 0.8859223300970874 0.470873786407767 0.22815533980582525
0 0.8143203883495146 0.866504854368932 0.3713592233009709 0.2669902912621359
2 0.8143203883495146 0.7196601941747572 0.3713592233009709 0.32281553398058255