0 0.03125 0.19921875 0.0625 0.3984375
2 0.24088541666666666 0.3072916666666667 0.3776041666666667 0.4010416666666667
0 0.5872395833333334 0.3372395833333333 0.3151041666666667 0.3411458333333333
2 0.8125 0.21354166666666666 0.1875 0.2265625
0 0.9049479166666666 0.3684895833333333 0.19010416666666666 0.2786458333333333
2 0.13020833333333334 0.671875 0.2604166666666667 0.328125
0 0.3125 0.6067708333333334 0.234375 0.19791666666666666
0 0.21484375 0.8450520833333334 0.4296875 0.3098958333333333
2 0.56640625 0.6979166666666666 0.2734375 0.3802083333333333
0 0.56640625 0.7408854166666666 0.2734375 0.4661458333333333
2 0.7799479166666666 0.6393229166666666 0.4401041666666667 0.2630208333333333
2 0.5911458333333334 0.8893229166666666 0.3229166666666667 0.22135416666666666
2 0.8828125 0.8229166666666666 0.234375 0.3541666666666667