2 0.5120967741935484 0.11827956989247312 0.19086021505376344 0.23655913978494625
2 0.22849462365591397 0.1774193548387097 0.45698924731182794 0.3548387096774194
2 0.19489247311827956 0.33736559139784944 0.3897849462365591 0.10483870967741936
0 0.19489247311827956 0.3239247311827957 0.3897849462365591 0.13172043010752688
0 0.885752688172043 0.2916666666666667 0.22849462365591397 0.19623655913978494
0 0.3844086021505376 0.4381720430107527 0.44623655913978494 0.0967741935483871
2 0.2661290322580645 0.48118279569892475 0.24731182795698925 0.1827956989247312
2 0.34139784946236557 0.9032258064516129 0.532258064516129 0.1935483870967742
2 0.09946236559139784 0.5873655913978495 0.1989247311827957 0.3951612903225806
0 0.0456989247311828 0.9502688172043011 0.0913978494623656 0.09946236559139784
2 0.8024193548387096 0.6236559139784946 0.3897849462365591 0.46774193548387094