2 0.30816831683168316 0.06064356435643564 0.1905940594059406 0.12128712871287128
0 0.3502475247524752 0.10396039603960396 0.17574257425742573 0.2079207920792079
0 0.16212871287128713 0.15717821782178218 0.32425742574257427 0.31435643564356436
0 0.21905940594059406 0.3997524752475248 0.4381188118811881 0.3787128712871287
0 0.7215346534653465 0.1646039603960396 0.556930693069307 0.3292079207920792
0 0.5123762376237624 0.2079207920792079 0.1485148514851485 0.41089108910891087
2 0.9443069306930693 0.3353960396039604 0.11138613861386139 0.2301980198019802
2 0.30074257425742573 0.6608910891089109 0.2747524752475248 0.14356435643564355
2 0.17326732673267325 0.7933168316831684 0.3465346534653465 0.4084158415841584
0 0.806930693069307 0.7945544554455446 0.38613861386138615 0.41089108910891087
0 0.5977722772277227 0.7524752475247525 0.20544554455445543 0.32673267326732675
2 0.5383663366336634 0.7524752475247525 0.18811881188118812 0.2376237623762376