0 0.04924242424242424 0.2196969696969697 0.09848484848484848 0.16666666666666666
0 0.10101010101010101 0.20454545454545456 0.20202020202020202 0.398989898989899
2 0.4154040404040404 0.5795454545454546 0.4065656565656566 0.05808080808080808
2 0.39646464646464646 0.2916666666666667 0.4444444444444444 0.5833333333333334
0 0.7058080808080808 0.476010101010101 0.17424242424242425 0.26515151515151514
2 0.8838383838383839 0.47853535353535354 0.23232323232323232 0.2601010101010101
0 0.8636363636363636 0.18813131313131312 0.2727272727272727 0.37626262626262624
0 0.3926767676767677 0.922979797979798 0.45202020202020204 0.15404040404040403
2 0.5997474747474747 0.6893939393939394 0.03787878787878788 0.16161616161616163
2 0.8977272727272727 0.8888888888888888 0.20454545454545456 0.10606060606060606
2 0.875 0.7411616161616161 0.25 0.26515151515151514