0 0.1687192118226601 0.14532019704433496 0.3374384236453202 0.29064039408866993
2 0.42610837438423643 0.19458128078817735 0.19950738916256158 0.24876847290640394
0 0.520935960591133 0.3251231527093596 0.19458128078817735 0.16748768472906403
2 0.5504926108374384 0.1834975369458128 0.1354679802955665 0.3669950738916256
2 0.8115763546798029 0.17980295566502463 0.3768472906403941 0.35960591133004927
2 0.8091133004926109 0.3583743842364532 0.3817733990147783 0.10098522167487685
2 0.44950738916256155 0.5123152709359606 0.25862068965517243 0.20689655172413793
2 0.4605911330049261 0.6379310344827587 0.17980295566502463 0.16995073891625614
0 0.3054187192118227 0.5652709359605911 0.6108374384236454 0.312807881773399
0 0.2623152709359606 0.8115763546798029 0.5246305418719212 0.3768472906403941
2 0.5578817733990148 0.8152709359605911 0.1206896551724138 0.18719211822660098
2 0.9051724137931034 0.7253694581280788 0.1896551724137931 0.21428571428571427
0 0.9692118226600985 0.8596059113300493 0.06157635467980296 0.28078817733990147