2 0.20384615384615384 0.18846153846153846 0.4076923076923077 0.2230769230769231
2 0.18461538461538463 0.0858974358974359 0.36923076923076925 0.1717948717948718
0 0.8833333333333333 0.18333333333333332 0.23333333333333334 0.23333333333333334
0 0.6102564102564103 0.11923076923076924 0.40512820512820513 0.23846153846153847
0 0.28717948717948716 0.8551282051282051 0.24102564102564103 0.2794871794871795
0 0.20897435897435898 0.6371794871794871 0.3974358974358974 0.382051282051282
2 0.16153846153846155 0.5294871794871795 0.3076923076923077 0.25384615384615383
2 0.05384615384615385 0.5974358974358974 0.1076923076923077 0.5948717948717949
0 0.7717948717948718 0.9692307692307692 0.41025641025641024 0.06153846153846154
2 0.6820512820512821 0.8666666666666667 0.4461538461538462 0.26666666666666666
2 0.7025641025641025 0.39487179487179486 0.5897435897435898 0.18974358974358974