0 0.2413793103448276 0.14655172413793102 0.33497536945812806 0.29310344827586204
2 0.25 0.35098522167487683 0.31773399014778325 0.15517241379310345
0 0.6674876847290641 0.0603448275862069 0.2413793103448276 0.1206896551724138
0 0.5566502463054187 0.01847290640394089 0.07389162561576355 0.03694581280788178
0 0.6059113300492611 0.019704433497536946 0.059113300492610835 0.03940886699507389
2 0.7770935960591133 0.15517241379310345 0.12561576354679804 0.2438423645320197
2 0.9593596059113301 0.1330049261083744 0.07142857142857142 0.2660098522167488
2 0.6908866995073891 0.3472906403940887 0.5640394088669951 0.1625615763546798
2 0.14285714285714285 0.6231527093596059 0.2857142857142857 0.3891625615763547
0 0.16133004926108374 0.6219211822660099 0.3226600985221675 0.3866995073891626
0 0.35098522167487683 0.6133004926108374 0.11576354679802955 0.3694581280788177
2 0.17118226600985223 0.8990147783251231 0.34236453201970446 0.2019704433497537
2 0.6748768472906403 0.5467980295566502 0.22660098522167488 0.23645320197044334
2 0.562807881773399 0.8435960591133005 0.22413793103448276 0.312807881773399