0 0.44634146341463415 0.07682926829268293 0.3804878048780488 0.15365853658536585
0 0.24878048780487805 0.05731707317073171 0.4975609756097561 0.11463414634146342
0 0.5536585365853659 0.32926829268292684 0.24878048780487805 0.3804878048780488
2 0.12195121951219512 0.19146341463414634 0.24390243902439024 0.3829268292682927
0 0.848780487804878 0.10853658536585366 0.2780487804878049 0.21707317073170732
2 0.8134146341463414 0.36585365853658536 0.2707317073170732 0.3073170731707317
2 0.5109756097560976 0.6707317073170732 0.17804878048780487 0.24390243902439024
0 0.4475609756097561 0.8365853658536585 0.4073170731707317 0.2804878048780488
0 0.1475609756097561 0.6865853658536586 0.2951219512195122 0.33414634146341465
0 0.38414634146341464 0.9195121951219513 0.5878048780487805 0.16097560975609757
2 0.1024390243902439 0.9085365853658537 0.18536585365853658 0.18292682926829268
0 0.7951219512195122 0.6097560975609756 0.23414634146341465 0.18048780487804877
2 0.8451219512195122 0.6463414634146342 0.3097560975609756 0.25365853658536586
2 0.8390243902439024 0.8085365853658537 0.32195121951219513 0.3829268292682927