2 0.09816753926701571 0.29450261780104714 0.19633507853403143 0.19633507853403143
0 0.18848167539267016 0.3206806282722513 0.0968586387434555 0.15706806282722513
2 0.32722513089005234 0.41492146596858637 0.18324607329842932 0.28534031413612565
0 0.27486910994764396 0.2683246073298429 0.2879581151832461 0.5366492146596858
0 0.6217277486910995 0.36387434554973824 0.40575916230366493 0.387434554973822
0 0.9541884816753927 0.39659685863874344 0.09162303664921466 0.25392670157068065
2 0.1099476439790576 0.7709424083769634 0.2198952879581152 0.3743455497382199
0 0.3206806282722513 0.7787958115183246 0.19633507853403143 0.4424083769633508
2 0.5052356020942408 0.7591623036649214 0.17277486910994763 0.4031413612565445
0 0.8232984293193717 0.6426701570680629 0.35340314136125656 0.17015706806282724
0 0.8717277486910995 0.9240837696335078 0.25654450261780104 0.1518324607329843