2 0.18455497382198952 0.34293193717277487 0.36910994764397903 0.4031413612565445
0 0.18455497382198952 0.4397905759162304 0.36910994764397903 0.3403141361256545
2 0.18455497382198952 0.10209424083769633 0.36910994764397903 0.20418848167539266
2 0.7735602094240838 0.587696335078534 0.45287958115183247 0.04450261780104712
2 0.8232984293193717 0.24345549738219896 0.35340314136125656 0.14136125654450263
0 0.7578534031413613 0.13089005235602094 0.48429319371727747 0.2617801047120419
2 0.4594240837696335 0.4712041884816754 0.1806282722513089 0.2774869109947644
0 0.45157068062827227 0.19109947643979058 0.1649214659685864 0.38219895287958117
0 0.2709424083769634 0.9057591623036649 0.19633507853403143 0.18848167539267016
2 0.27356020942408377 0.9594240837696335 0.19109947643979058 0.08115183246073299
0 0.6845549738219895 0.8599476439790575 0.6308900523560209 0.2801047120418848
2 0.5196335078534031 0.8887434554973822 0.2931937172774869 0.2198952879581152