2 0.1484375 0.3763020833333333 0.296875 0.4036458333333333
0 0.3997395833333333 0.09375 0.20052083333333334 0.1875
0 0.3802083333333333 0.4348958333333333 0.23958333333333334 0.2864583333333333
0 0.5338541666666666 0.3111979166666667 0.06770833333333333 0.15364583333333334
2 0.54296875 0.20833333333333334 0.0859375 0.3020833333333333
0 0.8255208333333334 0.2981770833333333 0.3307291666666667 0.13020833333333334
2 0.8997395833333334 0.09375 0.20052083333333334 0.11458333333333333
2 0.7578125 0.4557291666666667 0.4479166666666667 0.24479166666666666
0 0.16145833333333334 0.6536458333333334 0.3229166666666667 0.15104166666666666
2 0.15625 0.7669270833333334 0.3125 0.1484375
0 0.21875 0.8697916666666666 0.17708333333333334 0.2604166666666667
2 0.3828125 0.8255208333333334 0.234375 0.3489583333333333
2 0.7604166666666666 0.8502604166666666 0.4791666666666667 0.2994791666666667