0 0.07766990291262135 0.2087378640776699 0.1553398058252427 0.22330097087378642
2 0.279126213592233 0.441747572815534 0.558252427184466 0.2524271844660194
2 0.5327669902912622 0.1262135922330097 0.25 0.2524271844660194
2 0.8276699029126213 0.27427184466019416 0.33980582524271846 0.39805825242718446
0 0.03762135922330097 0.6941747572815534 0.07524271844660194 0.2524271844660194
0 0.3616504854368932 0.7281553398058253 0.5922330097087378 0.32038834951456313
0 0.4029126213592233 0.8847087378640777 0.5097087378640777 0.23058252427184467
2 0.7572815533980582 0.7839805825242718 0.19902912621359223 0.38349514563106796
0 0.7390776699029126 0.6674757281553398 0.16262135922330098 0.19902912621359223
0 0.8046116504854369 0.9393203883495146 0.2936893203883495 0.12135922330097088
2 0.9368932038834952 0.8361650485436893 0.1262135922330097 0.3276699029126214