2 0.2622549019607843 0.0784313725490196 0.18627450980392157 0.14705882352941177
0 0.16053921568627452 0.3958333333333333 0.32107843137254904 0.22794117647058823
2 0.8529411764705882 0.2549019607843137 0.25735294117647056 0.17647058823529413
2 0.6188725490196079 0.13848039215686275 0.32107843137254904 0.2769607843137255
0 0.7622549019607843 0.3958333333333333 0.27941176470588236 0.22794117647058823
2 0.8651960784313726 0.42769607843137253 0.22549019607843138 0.1642156862745098
0 0.5894607843137255 0.3480392156862745 0.2622549019607843 0.3235294117647059
2 0.09803921568627451 0.616421568627451 0.19607843137254902 0.21323529411764705
0 0.30392156862745096 0.8725490196078431 0.3088235294117647 0.2549019607843137
2 0.5416666666666666 0.5600490196078431 0.16666666666666666 0.10049019607843138
0 0.6593137254901961 0.7732843137254902 0.32107843137254904 0.33578431372549017