0 0.21954314720812182 0.33883248730964466 0.43908629441624364 0.35786802030456855
2 0.2918781725888325 0.05203045685279188 0.583756345177665 0.10406091370558376
2 0.47081218274111675 0.3286802030456853 0.2969543147208122 0.37817258883248733
2 0.565989847715736 0.09644670050761421 0.1065989847715736 0.19289340101522842
0 0.8096446700507615 0.38451776649746194 0.38071065989847713 0.26649746192893403
2 0.16370558375634517 0.9251269035532995 0.32741116751269034 0.14974619289340102
2 0.1218274111675127 0.7538071065989848 0.2436548223350254 0.27918781725888325
0 0.2131979695431472 0.6345177664974619 0.4263959390862944 0.233502538071066
0 0.4682741116751269 0.7588832487309645 0.3020304568527919 0.48223350253807107
0 0.8096446700507615 0.6713197969543148 0.38071065989847713 0.24111675126903553
2 0.7956852791878173 0.9187817258883249 0.35279187817258884 0.16243654822335024
2 0.8096446700507615 0.5824873096446701 0.38071065989847713 0.12944162436548223