0 0.22916666666666666 0.29044117647058826 0.19852941176470587 0.3014705882352941
2 0.23529411764705882 0.18872549019607843 0.18627450980392157 0.37745098039215685
2 0.125 0.1715686274509804 0.25 0.3431372549019608
2 0.7095588235294118 0.1556372549019608 0.5808823529411765 0.3112745098039216
0 0.6127450980392157 0.26838235294117646 0.4730392156862745 0.3284313725490196
2 0.5992647058823529 0.42401960784313725 0.5416666666666666 0.08823529411764706
0 0.5551470588235294 0.39950980392156865 0.4534313725490196 0.13725490196078433
0 0.39705882352941174 0.09681372549019608 0.13725490196078433 0.19362745098039216
2 0.1642156862745098 0.7340686274509803 0.3284313725490196 0.5318627450980392
0 0.8223039215686274 0.6286764705882353 0.3553921568627451 0.32107843137254904
2 0.5098039215686274 0.5686274509803921 0.22549019607843138 0.20098039215686275
0 0.6642156862745098 0.8958333333333334 0.6715686274509803 0.20833333333333334
0 0.3897058823529412 0.5980392156862745 0.12254901960784313 0.25980392156862747