0 0.22994652406417113 0.04679144385026738 0.11764705882352941 0.09358288770053476
2 0.23128342245989306 0.1697860962566845 0.12032085561497326 0.11497326203208556
2 0.09893048128342247 0.5254010695187166 0.19786096256684493 0.2647058823529412
2 0.10962566844919786 0.339572192513369 0.2192513368983957 0.22994652406417113
2 0.41310160427807485 0.44786096256684493 0.24866310160427807 0.4197860962566845
2 0.8756684491978609 0.06684491978609626 0.24866310160427807 0.13368983957219252
0 0.6858288770053476 0.07754010695187166 0.23796791443850268 0.15508021390374332
2 0.7687165775401069 0.37967914438502676 0.4625668449197861 0.5561497326203209
2 0.0748663101604278 0.7473262032085561 0.1497326203208556 0.17914438502673796
0 0.08689839572192513 0.7513368983957219 0.17379679144385027 0.18716577540106952
2 0.27540106951871657 0.8850267379679144 0.39572192513368987 0.22994652406417113
2 0.4959893048128342 0.8770053475935828 0.08288770053475936 0.24598930481283424
0 0.7473262032085561 0.7740641711229946 0.12566844919786097 0.232620320855615
2 0.8903743315508021 0.8248663101604278 0.2192513368983957 0.10962566844919786
2 0.8475935828877005 0.9211229946524064 0.3048128342245989 0.15775401069518716