2 0.2340686274509804 0.09803921568627451 0.4681372549019608 0.19607843137254902
2 0.2340686274509804 0.21691176470588236 0.4681372549019608 0.36519607843137253
0 0.12867647058823528 0.3137254901960784 0.25735294117647056 0.5392156862745098
0 0.821078431372549 0.36642156862745096 0.35784313725490197 0.4632352941176471
2 0.6862745098039216 0.0392156862745098 0.4362745098039216 0.0784313725490196
0 0.6262254901960784 0.29534313725490197 0.3161764705882353 0.2965686274509804
2 0.3860294117647059 0.8455882352941176 0.1642156862745098 0.3088235294117647
2 0.8786764705882353 0.6580882352941176 0.2426470588235294 0.12009803921568628
2 0.7916666666666666 0.9338235294117647 0.4166666666666667 0.1323529411764706
2 0.6519607843137255 0.7193627450980392 0.36764705882352944 0.2426470588235294
2 0.5649509803921569 0.9387254901960784 0.19362745098039216 0.12254901960784313
0 0.5808823529411765 0.8590686274509803 0.22549019607843138 0.2818627450980392