2 0.13470873786407767 0.0825242718446602 0.26941747572815533 0.1650485436893204
0 0.3300970873786408 0.22572815533980584 0.21844660194174756 0.3883495145631068
0 0.7390776699029126 0.2949029126213592 0.5218446601941747 0.25
2 0.9259708737864077 0.2936893203883495 0.14805825242718446 0.21844660194174756
2 0.0825242718446602 0.9320388349514563 0.1650485436893204 0.13592233009708737
2 0.16747572815533981 0.5461165048543689 0.33495145631067963 0.2524271844660194
2 0.14805825242718446 0.5898058252427184 0.2961165048543689 0.20388349514563106
0 0.6286407766990292 0.912621359223301 0.3786407766990291 0.17475728155339806
2 0.5303398058252428 0.9271844660194175 0.1820388349514563 0.14563106796116504
2 0.6116504854368932 0.5230582524271845 0.3446601941747573 0.20145631067961164
2 0.883495145631068 0.8240291262135923 0.23300970873786409 0.35194174757281554
0 0.8810679611650486 0.4878640776699029 0.23786407766990292 0.13592233009708737