0 0.04228855721393035 0.1691542288557214 0.0845771144278607 0.13930348258706468
2 0.09701492537313433 0.26616915422885573 0.19402985074626866 0.18407960199004975
0 0.332089552238806 0.15796019900497513 0.291044776119403 0.31592039800995025
0 0.3283582089552239 0.26616915422885573 0.29850746268656714 0.18407960199004975
0 0.6529850746268657 0.17288557213930347 0.32587064676616917 0.27611940298507465
0 0.10074626865671642 0.5099502487562189 0.20149253731343283 0.3034825870646766
2 0.08084577114427861 0.7674129353233831 0.16169154228855723 0.2512437810945274
0 0.3333333333333333 0.39552238805970147 0.2885572139303483 0.07462686567164178
2 0.3644278606965174 0.7972636815920398 0.2263681592039801 0.2512437810945274
0 0.7388059701492538 0.6492537313432836 0.5223880597014925 0.4228855721393035
2 0.7388059701492538 0.41044776119402987 0.5223880597014925 0.1044776119402985