0 0.09203980099502487 0.35447761194029853 0.18407960199004975 0.26616915422885573
2 0.07711442786069651 0.2873134328358209 0.15422885572139303 0.3208955223880597
0 0.09701492537313433 0.053482587064676616 0.19402985074626866 0.10696517412935323
0 0.40298507462686567 0.21144278606965175 0.35323383084577115 0.32338308457711445
2 0.3818407960199005 0.03109452736318408 0.39552238805970147 0.06218905472636816
0 0.6293532338308457 0.3917910447761194 0.09950248756218906 0.19154228855721392
2 0.6728855721393034 0.053482587064676616 0.17661691542288557 0.10696517412935323
0 0.8830845771144279 0.3333333333333333 0.23383084577114427 0.30845771144278605
0 0.822139303482587 0.13930348258706468 0.35572139303482586 0.27860696517412936
2 0.10945273631840796 0.7126865671641791 0.15671641791044777 0.11691542288557213
0 0.3805970149253731 0.8880597014925373 0.34328358208955223 0.22388059701492538
2 0.2898009950248756 0.5746268656716418 0.5796019900497512 0.17412935323383086
0 0.6529850746268657 0.6828358208955224 0.14676616915422885 0.39054726368159204
2 0.7947761194029851 0.9029850746268657 0.41044776119402987 0.19402985074626866
0 0.822139303482587 0.6330845771144279 0.35572139303482586 0.291044776119403