0 0.22948717948717948 0.2141025641025641 0.45897435897435895 0.4282051282051282
2 0.7487179487179487 0.08974358974358974 0.5025641025641026 0.1794871794871795
0 0.7294871794871794 0.18461538461538463 0.541025641025641 0.36923076923076925
2 0.37948717948717947 0.5333333333333333 0.15897435897435896 0.21025641025641026
0 0.3858974358974359 0.9256410256410257 0.14615384615384616 0.14871794871794872
0 0.09358974358974359 0.6256410256410256 0.18717948717948718 0.39487179487179486
0 0.7858974358974359 0.5512820512820513 0.4282051282051282 0.24615384615384617
2 0.7743589743589744 0.5435897435897435 0.3333333333333333 0.23076923076923078
2 0.8564102564102564 0.8205128205128205 0.28717948717948716 0.358974358974359
2 0.5948717948717949 0.7615384615384615 0.2717948717948718 0.2153846153846154
0 0.6871794871794872 0.8923076923076924 0.4564102564102564 0.2153846153846154