2 0.0625 0.13541666666666666 0.125 0.2708333333333333
0 0.29296875 0.18489583333333334 0.2890625 0.3697916666666667
2 0.71875 0.10026041666666667 0.5625 0.20052083333333334
2 0.6705729166666666 0.2526041666666667 0.20572916666666666 0.234375
2 0.33203125 0.4453125 0.2109375 0.15104166666666666
0 0.24869791666666666 0.7213541666666666 0.3776041666666667 0.5572916666666666
0 0.56640625 0.6341145833333334 0.2578125 0.3828125
2 0.5625 0.6822916666666666 0.25 0.25
2 0.66796875 0.44921875 0.09635416666666667 0.15885416666666666
0 0.59375 0.875 0.3125 0.25
0 0.7604166666666666 0.8763020833333334 0.19791666666666666 0.24739583333333334
2 0.8190104166666666 0.8880208333333334 0.18489583333333334 0.22395833333333334