0 0.6069587628865979 0.13144329896907217 0.08505154639175258 0.26288659793814434
0 0.20489690721649484 0.0979381443298969 0.33762886597938147 0.1958762886597938
2 0.6018041237113402 0.40850515463917525 0.09536082474226804 0.32216494845360827
0 0.23840206185567012 0.2551546391752577 0.2268041237113402 0.19072164948453607
2 0.06701030927835051 0.24484536082474226 0.13402061855670103 0.23711340206185566
0 0.7654639175257731 0.08118556701030928 0.23195876288659795 0.16237113402061856
2 0.8634020618556701 0.36597938144329895 0.27319587628865977 0.4072164948453608
0 0.6817010309278351 0.2693298969072165 0.06443298969072164 0.3582474226804124
0 0.3324742268041237 0.6855670103092784 0.634020618556701 0.23195876288659795
2 0.3247422680412371 0.8402061855670103 0.6494845360824743 0.31958762886597936
2 0.7938144329896907 0.8814432989690721 0.16237113402061856 0.20618556701030927
0 0.720360824742268 0.9587628865979382 0.14175257731958762 0.08247422680412371