2 0.14603960396039603 0.11014851485148515 0.29207920792079206 0.2202970297029703
0 0.12871287128712872 0.3502475247524752 0.25742574257425743 0.3589108910891089
2 0.9133663366336634 0.12747524752475248 0.17326732673267325 0.25495049504950495
2 0.8032178217821783 0.1150990099009901 0.27970297029702973 0.2301980198019802
0 0.6955445544554455 0.40717821782178215 0.3564356435643564 0.24504950495049505
0 0.4504950495049505 0.3849009900990099 0.22277227722772278 0.2896039603960396
2 0.2599009900990099 0.7648514851485149 0.15841584158415842 0.47029702970297027
2 0.2896039603960396 0.7772277227722773 0.09900990099009901 0.44554455445544555
2 0.7648514851485149 0.6905940594059405 0.18316831683168316 0.3217821782178218
0 0.8787128712871287 0.7660891089108911 0.24257425742574257 0.46782178217821785
0 0.5136138613861386 0.7648514851485149 0.349009900990099 0.47029702970297027