0 0.5270618556701031 0.375 0.3015463917525773 0.2654639175257732
2 0.2551546391752577 0.4497422680412371 0.34536082474226804 0.11597938144329897
0 0.22164948453608246 0.47036082474226804 0.44329896907216493 0.07474226804123711
2 0.211340206185567 0.11984536082474227 0.422680412371134 0.23969072164948454
0 0.884020618556701 0.2603092783505155 0.23195876288659795 0.42783505154639173
0 0.7783505154639175 0.2538659793814433 0.20103092783505155 0.5077319587628866
2 0.5798969072164949 0.7719072164948454 0.1958762886597938 0.17783505154639176
0 0.4845360824742268 0.8737113402061856 0.3865979381443299 0.25257731958762886
0 0.5528350515463918 0.5476804123711341 0.25 0.07989690721649484
0 0.15850515463917525 0.5786082474226805 0.3170103092783505 0.14175257731958762
2 0.8646907216494846 0.9175257731958762 0.2706185567010309 0.16494845360824742