2 0.5164141414141414 0.0946969696969697 0.28535353535353536 0.1893939393939394
2 0.523989898989899 0.16287878787878787 0.2702020202020202 0.32575757575757575
0 0.24368686868686867 0.1691919191919192 0.48737373737373735 0.3383838383838384
2 0.9090909090909091 0.17803030303030304 0.18181818181818182 0.3207070707070707
2 0.797979797979798 0.29292929292929293 0.2777777777777778 0.09090909090909091
2 0.7664141414141414 0.17803030303030304 0.21464646464646464 0.3207070707070707
2 0.43308080808080807 0.5063131313131313 0.45202020202020204 0.33585858585858586
2 0.15404040404040403 0.5580808080808081 0.30808080808080807 0.4393939393939394
2 0.9608585858585859 0.41792929292929293 0.07828282828282829 0.1590909090909091
0 0.8838383838383839 0.46464646464646464 0.23232323232323232 0.25252525252525254
2 0.7777777777777778 0.6654040404040404 0.23737373737373738 0.5075757575757576
2 0.8295454545454546 0.86489898989899 0.3409090909090909 0.2702020202020202