0 0.15816326530612246 0.3227040816326531 0.3163265306122449 0.35459183673469385
2 0.15178571428571427 0.15816326530612246 0.30357142857142855 0.3163265306122449
2 0.35331632653061223 0.10331632653061225 0.17091836734693877 0.2066326530612245
2 0.7155612244897959 0.14285714285714285 0.5535714285714286 0.2857142857142857
2 0.7193877551020408 0.33418367346938777 0.5612244897959183 0.32142857142857145
2 0.16709183673469388 0.5446428571428571 0.33418367346938777 0.08928571428571429
0 0.20918367346938777 0.7742346938775511 0.41836734693877553 0.16581632653061223
2 0.2181122448979592 0.6785714285714286 0.4362244897959184 0.35714285714285715
2 0.2193877551020408 0.8903061224489796 0.4387755102040816 0.2193877551020408
0 0.5178571428571429 0.5982142857142857 0.15816326530612246 0.19642857142857142
0 0.6020408163265306 0.9489795918367347 0.28061224489795916 0.10204081632653061
0 0.6479591836734694 0.8954081632653061 0.41836734693877553 0.20918367346938777
2 0.9005102040816326 0.5561224489795918 0.1989795918367347 0.11224489795918367
2 0.8915816326530612 0.7691326530612245 0.21683673469387754 0.461734693877551