0 0.21164021164021163 0.17857142857142858 0.2328042328042328 0.20899470899470898
2 0.07671957671957672 0.12698412698412698 0.15343915343915343 0.25396825396825395
2 0.164021164021164 0.31613756613756616 0.328042328042328 0.24603174603174602
0 0.9206349206349206 0.18253968253968253 0.15873015873015872 0.36507936507936506
2 0.9206349206349206 0.3373015873015873 0.15873015873015872 0.2037037037037037
2 0.5621693121693122 0.15476190476190477 0.46825396825396826 0.30952380952380953
2 0.17328042328042328 0.541005291005291 0.30952380952380953 0.2037037037037037
0 0.17195767195767195 0.5595238095238095 0.31216931216931215 0.24074074074074073
2 0.164021164021164 0.8253968253968254 0.328042328042328 0.3492063492063492
0 0.164021164021164 0.791005291005291 0.328042328042328 0.41798941798941797
2 0.04497354497354497 0.753968253968254 0.08994708994708994 0.49206349206349204
2 0.7896825396825397 0.5912698412698413 0.335978835978836 0.30423280423280424
0 0.8161375661375662 0.5238095238095238 0.36772486772486773 0.1693121693121693
0 0.8029100529100529 0.8492063492063492 0.3941798941798942 0.30158730158730157
0 0.4947089947089947 0.7751322751322751 0.3333333333333333 0.2804232804232804
0 0.4828042328042328 0.9761904761904762 0.30952380952380953 0.047619047619047616
2 0.4365079365079365 0.8875661375661376 0.21693121693121692 0.22486772486772486