0 0.29455445544554454 0.2660891089108911 0.18811881188118812 0.32425742574257427
0 0.14356435643564355 0.3564356435643564 0.2871287128712871 0.14356435643564355
0 0.1051980198019802 0.1051980198019802 0.2103960396039604 0.2103960396039604
0 0.9207920792079208 0.04702970297029703 0.15841584158415842 0.09405940594059406
2 0.9245049504950495 0.2141089108910891 0.15099009900990099 0.4282178217821782
0 0.6633663366336634 0.2141089108910891 0.5495049504950495 0.4282178217821782
2 0.18193069306930693 0.676980198019802 0.36386138613861385 0.20544554455445543
0 0.1943069306930693 0.8193069306930693 0.3886138613861386 0.3613861386138614
2 0.14727722772277227 0.5136138613861386 0.29455445544554454 0.1707920792079208
2 0.9344059405940595 0.8514851485148515 0.1311881188118812 0.1782178217821782
0 0.5185643564356436 0.6150990099009901 0.2599009900990099 0.37376237623762376