0 0.1076923076923077 0.1564102564102564 0.2153846153846154 0.3128205128205128
2 0.2358974358974359 0.23974358974358975 0.26666666666666666 0.17435897435897435
2 0.5153846153846153 0.18461538461538463 0.18461538461538463 0.36923076923076925
0 0.19743589743589743 0.4153846153846154 0.39487179487179486 0.3282051282051282
2 0.45897435897435895 0.44358974358974357 0.29743589743589743 0.2717948717948718
2 0.9141025641025641 0.12179487179487179 0.1717948717948718 0.24358974358974358
2 0.7243589743589743 0.15512820512820513 0.23333333333333334 0.31025641025641026
2 0.6282051282051282 0.44487179487179485 0.041025641025641026 0.2692307692307692
0 0.6717948717948717 0.4423076923076923 0.1282051282051282 0.2743589743589744
0 0.3769230769230769 0.7961538461538461 0.3487179487179487 0.4076923076923077
2 0.7974358974358975 0.6679487179487179 0.1641025641025641 0.17692307692307693
0 0.6987179487179487 0.7371794871794872 0.18205128205128204 0.2692307692307692
2 0.8038461538461539 0.8974358974358975 0.3923076923076923 0.20512820512820512