0 0.5743589743589743 0.24487179487179486 0.36923076923076925 0.4897435897435897
2 0.2858974358974359 0.24487179487179486 0.5717948717948718 0.4897435897435897
2 0.8794871794871795 0.23974358974358975 0.24102564102564103 0.4794871794871795
0 0.8794871794871795 0.15128205128205127 0.24102564102564103 0.30256410256410254
2 0.8935897435897436 0.4307692307692308 0.2128205128205128 0.11794871794871795
0 0.6551282051282051 0.7448717948717949 0.2076923076923077 0.5102564102564102
0 0.3474358974358974 0.7448717948717949 0.6948717948717948 0.5102564102564102
2 0.30128205128205127 0.6397435897435897 0.6025641025641025 0.3
0 0.8589743589743589 0.5871794871794872 0.2 0.19487179487179487
2 0.8794871794871795 0.791025641025641 0.24102564102564103 0.41794871794871796
0 0.8833333333333333 0.9141025641025641 0.23333333333333334 0.1717948717948718