2 0.5298507462686567 0.2263681592039801 0.09950248756218906 0.20398009950248755
2 0.10696517412935323 0.06716417910447761 0.21393034825870647 0.13432835820895522
0 0.8818407960199005 0.13805970149253732 0.236318407960199 0.27611940298507465
2 0.8930348258706468 0.19029850746268656 0.21393034825870647 0.23134328358208955
0 0.6256218905472637 0.06467661691542288 0.09203980099502487 0.12935323383084577
2 0.2972636815920398 0.5895522388059702 0.208955223880597 0.12935323383084577
0 0.3009950248756219 0.43532338308457713 0.20398009950248755 0.21393034825870647
2 0.09203980099502487 0.8669154228855721 0.18407960199004975 0.26616915422885573
2 0.9577114427860697 0.585820895522388 0.0845771144278607 0.22139303482587064
2 0.9552238805970149 0.7238805970149254 0.08955223880597014 0.15422885572139303
0 0.7599502487562189 0.39676616915422885 0.36069651741293535 0.13681592039800994
2 0.7437810945273632 0.8557213930348259 0.3283582089552239 0.14427860696517414