2 0.12373737373737374 0.050505050505050504 0.2474747474747475 0.10101010101010101
0 0.369949494949495 0.15025252525252525 0.2398989898989899 0.3005050505050505
0 0.17929292929292928 0.3333333333333333 0.35858585858585856 0.1919191919191919
0 0.8459595959595959 0.16035353535353536 0.30808080808080807 0.3207070707070707
2 0.6666666666666666 0.3446969696969697 0.35353535353535354 0.1691919191919192
2 0.88510101010101 0.34595959595959597 0.2196969696969697 0.16666666666666666
0 0.24494949494949494 0.601010101010101 0.4898989898989899 0.3434343434343434
2 0.24494949494949494 0.8106060606060606 0.4898989898989899 0.3787878787878788
2 0.8282828282828283 0.48358585858585856 0.1919191919191919 0.10858585858585859
0 0.6893939393939394 0.49747474747474746 0.3181818181818182 0.13636363636363635
2 0.6287878787878788 0.8093434343434344 0.2777777777777778 0.3813131313131313
0 0.7967171717171717 0.8800505050505051 0.4065656565656566 0.2398989898989899