2 0.12760416666666666 0.06640625 0.2552083333333333 0.1328125
0 0.20963541666666666 0.19921875 0.4192708333333333 0.3984375
0 0.16536458333333334 0.3463541666666667 0.3307291666666667 0.10416666666666667
2 0.8854166666666666 0.3151041666666667 0.22916666666666666 0.16666666666666666
0 0.7096354166666666 0.11458333333333333 0.5807291666666666 0.22916666666666666
2 0.5 0.3020833333333333 0.16145833333333334 0.19270833333333334
0 0.20963541666666666 0.734375 0.4192708333333333 0.53125
0 0.8697916666666666 0.7291666666666666 0.2604166666666667 0.4791666666666667
2 0.8802083333333334 0.85546875 0.23958333333333334 0.2890625
0 0.53125 0.4596354166666667 0.22395833333333334 0.12239583333333333
0 0.5533854166666666 0.8307291666666666 0.2682291666666667 0.3385416666666667