2 0.3915343915343915 0.3584656084656085 0.1164021164021164 0.3412698412698413
0 0.22883597883597884 0.26455026455026454 0.4417989417989418 0.5291005291005291
0 0.08068783068783068 0.36507936507936506 0.16137566137566137 0.328042328042328
2 0.8015873015873016 0.1626984126984127 0.3968253968253968 0.3253968253968254
2 0.3888888888888889 0.7526455026455027 0.12169312169312169 0.1402116402116402
2 0.08333333333333333 0.6878306878306878 0.16666666666666666 0.31746031746031744
2 0.19576719576719576 0.667989417989418 0.2804232804232804 0.2777777777777778
2 0.18783068783068782 0.9206349206349206 0.37566137566137564 0.15873015873015872
2 0.873015873015873 0.7658730158730159 0.25396825396825395 0.46825396825396826
2 0.5753968253968254 0.6587301587301587 0.25132275132275134 0.25925925925925924
0 0.49603174603174605 0.9206349206349206 0.09259259259259259 0.15873015873015872