0 0.1994949494949495 0.08333333333333333 0.3939393939393939 0.16666666666666666
0 0.2689393939393939 0.2297979797979798 0.4621212121212121 0.4090909090909091
2 0.4015151515151515 0.33585858585858586 0.19696969696969696 0.2676767676767677
0 0.08080808080808081 0.8522727272727273 0.16161616161616163 0.2904040404040404
0 0.01893939393939394 0.7954545454545454 0.03787878787878788 0.08585858585858586
2 0.19823232323232323 0.9204545454545454 0.2803030303030303 0.1590909090909091
2 0.3333333333333333 0.7638888888888888 0.3333333333333333 0.4722222222222222
2 0.7095959595959596 0.6414141414141414 0.41919191919191917 0.22727272727272727
0 0.7146464646464646 0.6590909090909091 0.4292929292929293 0.26262626262626265
2 0.75 0.8522727272727273 0.5 0.29545454545454547
0 0.75 0.8207070707070707 0.5 0.35858585858585856