2 0.18943298969072164 0.08891752577319588 0.3788659793814433 0.17783505154639176
0 0.42783505154639173 0.33762886597938147 0.10309278350515463 0.4845360824742268
0 0.33634020618556704 0.3634020618556701 0.22938144329896906 0.4329896907216495
0 0.6391752577319587 0.21649484536082475 0.31958762886597936 0.4329896907216495
2 0.8943298969072165 0.43556701030927836 0.211340206185567 0.28865979381443296
2 0.6752577319587629 0.43170103092783507 0.3917525773195876 0.2963917525773196
2 0.3118556701030928 0.6842783505154639 0.33505154639175255 0.20876288659793815
0 0.15979381443298968 0.6971649484536082 0.31958762886597936 0.2345360824742268
0 0.2422680412371134 0.8582474226804123 0.4742268041237113 0.28350515463917525
0 0.7925257731958762 0.7474226804123711 0.41494845360824745 0.33505154639175255
2 0.5592783505154639 0.7551546391752577 0.15979381443298968 0.35051546391752575