2 0.13985148514851486 0.05693069306930693 0.27970297029702973 0.11386138613861387
2 0.2438118811881188 0.36633663366336633 0.4876237623762376 0.32673267326732675
2 0.6534653465346535 0.12004950495049505 0.3316831683168317 0.2400990099009901
0 0.6014851485148515 0.1373762376237624 0.22772277227722773 0.2747524752475248
0 0.698019801980198 0.3613861386138614 0.4207920792079208 0.33663366336633666
0 0.20915841584158415 0.6695544554455446 0.1485148514851485 0.15594059405940594
2 0.04950495049504951 0.7561881188118812 0.09900990099009901 0.24504950495049505
0 0.1485148514851485 0.7772277227722773 0.1806930693069307 0.18811881188118812
2 0.3910891089108911 0.7660891089108911 0.19306930693069307 0.46782178217821785
2 0.8155940594059405 0.7079207920792079 0.3688118811881188 0.3564356435643564
2 0.6794554455445545 0.9356435643564357 0.38366336633663367 0.12871287128712872
2 0.8836633663366337 0.879950495049505 0.23267326732673269 0.2400990099009901