2 0.10294117647058823 0.10695187165775401 0.20588235294117646 0.21390374331550802
2 0.10561497326203209 0.17647058823529413 0.21122994652406418 0.24064171122994651
2 0.10962566844919786 0.4839572192513369 0.2192513368983957 0.1497326203208556
0 0.14705882352941177 0.12299465240641712 0.1443850267379679 0.24598930481283424
0 0.42245989304812837 0.2072192513368984 0.40641711229946526 0.4144385026737968
2 0.3342245989304813 0.4732620320855615 0.22994652406417113 0.1711229946524064
0 0.5454545454545454 0.49331550802139035 0.28342245989304815 0.13101604278074866
2 0.7794117647058824 0.3836898395721925 0.4411764705882353 0.3502673796791444
2 0.08957219251336898 0.6029411764705882 0.17914438502673796 0.08823529411764706
2 0.36363636363636365 0.7606951871657754 0.2887700534759358 0.4037433155080214
0 0.45989304812834225 0.6577540106951871 0.34759358288770054 0.19786096256684493
2 0.7032085561497327 0.6136363636363636 0.25133689839572193 0.10962566844919786