2 0.06818181818181818 0.2072192513368984 0.12566844919786097 0.24866310160427807
0 0.18315508021390375 0.10695187165775401 0.3663101604278075 0.21390374331550802
2 0.516042780748663 0.10828877005347594 0.0748663101604278 0.21657754010695188
2 0.7098930481283422 0.45989304812834225 0.4625668449197861 0.17647058823529413
2 0.6497326203208557 0.4532085561497326 0.3422459893048128 0.18983957219251338
0 0.8596256684491979 0.06283422459893048 0.2807486631016043 0.12566844919786097
0 0.8957219251336899 0.39438502673796794 0.20855614973262032 0.3074866310160428
0 0.08957219251336898 0.6577540106951871 0.17914438502673796 0.2192513368983957
0 0.15508021390374332 0.81951871657754 0.31016042780748665 0.3609625668449198
2 0.356951871657754 0.9157754010695187 0.24331550802139038 0.16844919786096257
0 0.3315508021390374 0.803475935828877 0.29411764705882354 0.32887700534759357
0 0.7633689839572193 0.6483957219251337 0.4732620320855615 0.20053475935828877
2 0.7593582887700535 0.8542780748663101 0.48128342245989303 0.2914438502673797
0 0.8061497326203209 0.8262032085561497 0.3877005347593583 0.34759358288770054