0 0.4087301587301587 0.6388888888888888 0.082010582010582 0.17724867724867724
2 0.3888888888888889 0.18386243386243387 0.12169312169312169 0.36772486772486773
2 0.3611111111111111 0.36772486772486773 0.17724867724867724 0.6507936507936508
0 0.12566137566137567 0.5965608465608465 0.25132275132275134 0.2619047619047619
2 0.21031746031746032 0.32142857142857145 0.2328042328042328 0.16137566137566137
0 0.16666666666666666 0.22486772486772486 0.2962962962962963 0.20105820105820105
0 0.9246031746031746 0.44047619047619047 0.15079365079365079 0.3306878306878307
2 0.8002645502645502 0.5648148148148148 0.15079365079365079 0.18783068783068782
0 0.753968253968254 0.42328042328042326 0.25132275132275134 0.25925925925925924
0 0.7248677248677249 0.10317460317460317 0.5502645502645502 0.20634920634920634
0 0.16005291005291006 0.9087301587301587 0.3201058201058201 0.18253968253968253
0 0.8015873015873016 0.8637566137566137 0.3968253968253968 0.2724867724867725
2 0.8306878306878307 0.7645502645502645 0.3333333333333333 0.07407407407407407
0 0.5952380952380952 0.8637566137566137 0.291005291005291 0.2724867724867725
2 0.5529100529100529 0.8994708994708994 0.20634920634920634 0.20105820105820105