2 0.3282828282828283 0.3282828282828283 0.24242424242424243 0.20202020202020202
0 0.3244949494949495 0.2828282828282828 0.25 0.29292929292929293
0 0.12626262626262627 0.3409090909090909 0.25252525252525254 0.17676767676767677
2 0.7323232323232324 0.39646464646464646 0.2676767676767677 0.06565656565656566
2 0.7449494949494949 0.0707070707070707 0.48484848484848486 0.1414141414141414
2 0.2828282828282828 0.9835858585858586 0.3333333333333333 0.03282828282828283
2 0.31691919191919193 0.6527777777777778 0.26515151515151514 0.12373737373737374
0 0.24368686868686867 0.5454545454545454 0.4116161616161616 0.23232323232323232
2 0.059343434343434344 0.86489898989899 0.11868686868686869 0.2702020202020202
0 0.9191919191919192 0.6755050505050505 0.16161616161616163 0.12373737373737374
2 0.7689393939393939 0.7095959595959596 0.10858585858585859 0.11868686868686869
2 0.5214646464646465 0.8914141414141414 0.14393939393939395 0.21717171717171718
2 0.6401515151515151 0.8674242424242424 0.22474747474747475 0.26515151515151514
2 0.5492424242424242 0.5681818181818182 0.1994949494949495 0.2777777777777778