2 0.25888324873096447 0.06979695431472081 0.19796954314720813 0.13959390862944163
0 0.17893401015228427 0.5101522842639594 0.35786802030456855 0.13705583756345177
0 0.4720812182741117 0.12055837563451777 0.22842639593908629 0.24111675126903553
2 0.48350253807106597 0.13324873096446702 0.20304568527918782 0.20812182741116753
0 0.434010152284264 0.5 0.15228426395939088 0.15736040609137056
2 0.916243654822335 0.08629441624365482 0.16751269035532995 0.17258883248730963
0 0.9276649746192893 0.23730964467005075 0.1446700507614213 0.22081218274111675
0 0.7880710659898477 0.49746192893401014 0.42385786802030456 0.16243654822335024
0 0.1916243654822335 0.6725888324873096 0.33248730964467005 0.18781725888324874
2 0.41243654822335024 0.9695431472081218 0.10913705583756345 0.06091370558375635
0 0.4137055837563452 0.8020304568527918 0.1116751269035533 0.30456852791878175
2 0.6459390862944162 0.6598984771573604 0.3680203045685279 0.16243654822335024