2 0.31064356435643564 0.07178217821782178 0.15099009900990099 0.14356435643564355
0 0.20915841584158415 0.11262376237623763 0.08168316831683169 0.22524752475247525
2 0.12128712871287128 0.2957920792079208 0.24257425742574257 0.5915841584158416
2 0.37623762376237624 0.6014851485148515 0.26732673267326734 0.2722772277227723
2 0.14727722772277227 0.6324257425742574 0.29455445544554454 0.2103960396039604
2 0.8131188118811881 0.32673267326732675 0.37376237623762376 0.6534653465346535
2 0.818069306930693 0.6633663366336634 0.36386138613861385 0.1485148514851485
0 0.37004950495049505 0.844059405940594 0.27970297029702973 0.21287128712871287
2 0.25495049504950495 0.8465346534653465 0.16831683168316833 0.21782178217821782
2 0.1188118811881188 0.8688118811881188 0.2376237623762376 0.2623762376237624
0 0.7487623762376238 0.9245049504950495 0.2896039603960396 0.15099009900990099
2 0.7883663366336634 0.8688118811881188 0.42326732673267325 0.2623762376237624