0 0.050505050505050504 0.14015151515151514 0.10101010101010101 0.22474747474747475
2 0.14267676767676768 0.31313131313131315 0.28535353535353536 0.29292929292929293
2 0.8939393939393939 0.25126262626262624 0.21212121212121213 0.4166666666666667
2 0.7550505050505051 0.5340909090909091 0.06565656565656566 0.14898989898989898
0 0.6262626262626263 0.6098484848484849 0.21212121212121213 0.3005050505050505
0 0.045454545454545456 0.6313131313131313 0.09090909090909091 0.3434343434343434
2 0.11742424242424243 0.8143939393939394 0.23484848484848486 0.3560606060606061
0 0.5972222222222222 0.9078282828282829 0.3813131313131313 0.18434343434343434
0 0.9027777777777778 0.523989898989899 0.19444444444444445 0.12878787878787878
2 0.9204545454545454 0.6085858585858586 0.1590909090909091 0.29292929292929293
2 0.8939393939393939 0.898989898989899 0.21212121212121213 0.20202020202020202