2 0.10026737967914438 0.35427807486631013 0.15775401069518716 0.05080213903743316
0 0.0962566844919786 0.30213903743315507 0.1925133689839572 0.15508021390374332
0 0.15240641711229946 0.08823529411764706 0.3048128342245989 0.17647058823529413
0 0.8248663101604278 0.29010695187165775 0.3502673796791444 0.17914438502673796
2 0.8435828877005348 0.26737967914438504 0.31283422459893045 0.22459893048128343
2 0.8542780748663101 0.14705882352941177 0.2914438502673797 0.29411764705882354
0 0.47192513368983957 0.8489304812834224 0.35561497326203206 0.30213903743315507
2 0.4919786096256685 0.7580213903743316 0.31283422459893045 0.2727272727272727
2 0.232620320855615 0.6898395721925134 0.46524064171123 0.6203208556149733
0 0.7927807486631016 0.9251336898395722 0.28609625668449196 0.1497326203208556
0 0.8248663101604278 0.5441176470588235 0.3502673796791444 0.32887700534759357