2 0.34375 0.18880208333333334 0.15104166666666666 0.3776041666666667
0 0.17708333333333334 0.25390625 0.3541666666666667 0.5078125
2 0.4518229166666667 0.6028645833333334 0.1953125 0.2734375
0 0.20572916666666666 0.5911458333333334 0.4114583333333333 0.296875
0 0.7994791666666666 0.14583333333333334 0.18229166666666666 0.2916666666666667
2 0.90625 0.15885416666666666 0.1875 0.3177083333333333
2 0.6809895833333334 0.14453125 0.16927083333333334 0.2890625
0 0.6302083333333334 0.203125 0.16145833333333334 0.19270833333333334
0 0.84375 0.4986979166666667 0.3125 0.4817708333333333
2 0.6692708333333334 0.4895833333333333 0.23958333333333334 0.5
2 0.265625 0.8697916666666666 0.2604166666666667 0.2604166666666667
0 0.07161458333333333 0.8697916666666666 0.14322916666666666 0.2604166666666667
0 0.7747395833333334 0.8697916666666666 0.4505208333333333 0.2604166666666667
2 0.7747395833333334 0.953125 0.4505208333333333 0.09375