0 0.25126262626262624 0.26262626262626265 0.5025252525252525 0.5252525252525253
2 0.21338383838383837 0.07702020202020202 0.42676767676767674 0.15404040404040403
0 0.13257575757575757 0.6906565656565656 0.26515151515151514 0.09848484848484848
0 0.2676767676767677 0.5694444444444444 0.5353535353535354 0.3409090909090909
0 0.5353535353535354 0.17297979797979798 0.30808080808080807 0.34595959595959597
2 0.5984848484848485 0.4898989898989899 0.18181818181818182 0.4444444444444444
0 0.5972222222222222 0.33964646464646464 0.18434343434343434 0.18434343434343434
0 0.8345959595959596 0.30934343434343436 0.2904040404040404 0.4116161616161616
2 0.9267676767676768 0.5744949494949495 0.14646464646464646 0.33080808080808083
0 0.8446969696969697 0.5744949494949495 0.3106060606060606 0.33080808080808083
2 0.9482323232323232 0.06818181818181818 0.10353535353535354 0.13636363636363635
0 0.5378787878787878 0.8497474747474747 0.30303030303030304 0.2196969696969697