0 0.3525641025641026 0.10512820512820513 0.25384615384615383 0.21025641025641026
0 0.29615384615384616 0.43205128205128207 0.36666666666666664 0.4128205128205128
0 0.08717948717948718 0.4807692307692308 0.17435897435897435 0.3153846153846154
2 0.1282051282051282 0.23846153846153847 0.2564102564102564 0.47692307692307695
2 0.9512820512820512 0.1641025641025641 0.09743589743589744 0.13846153846153847
0 0.9512820512820512 0.11666666666666667 0.09743589743589744 0.23333333333333334
0 0.8807692307692307 0.4128205128205128 0.23846153846153847 0.4512820512820513
2 0.6961538461538461 0.358974358974359 0.43333333333333335 0.558974358974359
2 0.34615384615384615 0.7102564102564103 0.26666666666666666 0.14358974358974358
2 0.1564102564102564 0.8025641025641026 0.3128205128205128 0.3282051282051282
0 0.8743589743589744 0.8192307692307692 0.2512820512820513 0.36153846153846153
2 0.7435897435897436 0.8025641025641026 0.24102564102564103 0.3282051282051282