2 0.07160804020100503 0.14949748743718594 0.14321608040201006 0.2989949748743719
2 0.4334170854271357 0.14949748743718594 0.30904522613065327 0.2989949748743719
0 0.6708542713567839 0.1922110552763819 0.1658291457286432 0.2135678391959799
0 0.8655778894472361 0.14949748743718594 0.26884422110552764 0.2989949748743719
2 0.15326633165829145 0.7688442211055276 0.3065326633165829 0.4623115577889447
2 0.42085427135678394 0.41708542713567837 0.3341708542713568 0.23618090452261306
2 0.4334170854271357 0.7537688442211056 0.30904522613065327 0.49246231155778897
2 0.6909547738693468 0.35050251256281406 0.20603015075376885 0.10301507537688442
0 0.7085427135678392 0.800251256281407 0.24120603015075376 0.39949748743718594
0 0.8806532663316583 0.4371859296482412 0.16331658291457288 0.11809045226130653
2 0.9045226130653267 0.7776381909547738 0.19095477386934673 0.44472361809045224