0 0.18226600985221675 0.16995073891625614 0.3448275862068966 0.24876847290640394
2 0.43226600985221675 0.06773399014778325 0.21428571428571427 0.1354679802955665
0 0.43842364532019706 0.3288177339901478 0.2019704433497537 0.42610837438423643
2 0.7093596059113301 0.5332512315270936 0.3399014778325123 0.13054187192118227
0 0.5578817733990148 0.3620689655172414 0.03694581280788178 0.28078817733990147
2 0.7561576354679803 0.3497536945812808 0.43349753694581283 0.3497536945812808
0 0.13054187192118227 0.8940886699507389 0.26108374384236455 0.21182266009852216
2 0.14532019704433496 0.8214285714285714 0.29064039408866993 0.3472906403940887
0 0.4088669950738916 0.7980295566502463 0.26108374384236455 0.39901477832512317
2 0.8349753694581281 0.7820197044334976 0.2413793103448276 0.16502463054187191
0 0.7832512315270936 0.8768472906403941 0.43349753694581283 0.24630541871921183