2 0.23846153846153847 0.17051282051282052 0.12307692307692308 0.34102564102564104
0 0.15 0.06794871794871794 0.3 0.1358974358974359
0 0.8461538461538461 0.46025641025641023 0.28717948717948716 0.1358974358974359
2 0.8 0.191025641025641 0.4 0.382051282051282
2 0.5 0.25769230769230766 0.4 0.5153846153846153
0 0.19230769230769232 0.95 0.15897435897435896 0.1
2 0.15 0.5935897435897436 0.3 0.13076923076923078
2 0.04358974358974359 0.7653846153846153 0.08717948717948718 0.2076923076923077
0 0.06538461538461539 0.8641025641025641 0.13076923076923078 0.2717948717948718
0 0.8756410256410256 0.8692307692307693 0.23333333333333334 0.12564102564102564
2 0.7128205128205128 0.8051282051282052 0.16923076923076924 0.1641025641025641
2 0.514102564102564 0.7858974358974359 0.4282051282051282 0.4282051282051282