0 0.20454545454545456 0.1856060606060606 0.4090909090909091 0.1893939393939394
2 0.21212121212121213 0.3181818181818182 0.25252525252525254 0.15656565656565657
2 0.20454545454545456 0.059343434343434344 0.4090909090909091 0.11868686868686869
2 0.6893939393939394 0.3952020202020202 0.5606060606060606 0.12878787878787878
2 0.6843434343434344 0.2297979797979798 0.5505050505050505 0.4595959595959596
2 0.13762626262626262 0.9141414141414141 0.27525252525252525 0.1717171717171717
2 0.1275252525252525 0.702020202020202 0.255050505050505 0.2777777777777778
2 0.29545454545454547 0.5050505050505051 0.22727272727272727 0.09090909090909091
2 0.3383838383838384 0.6881313131313131 0.1414141414141414 0.27525252525252525
2 0.045454545454545456 0.5353535353535354 0.09090909090909091 0.15151515151515152
2 0.4722222222222222 0.6060606060606061 0.12626262626262627 0.29292929292929293
2 0.7689393939393939 0.8535353535353535 0.4621212121212121 0.29292929292929293
2 0.6704545454545454 0.5454545454545454 0.3005050505050505 0.1717171717171717
0 0.8787878787878788 0.5618686868686869 0.24242424242424243 0.20454545454545456