2 0.12433862433862433 0.1693121693121693 0.24867724867724866 0.30158730158730157
0 0.15873015873015872 0.03571428571428571 0.31746031746031744 0.07142857142857142
2 0.335978835978836 0.33201058201058203 0.18518518518518517 0.15079365079365079
2 0.4828042328042328 0.2896825396825397 0.25132275132275134 0.23544973544973544
0 0.9828042328042328 0.2037037037037037 0.03439153439153439 0.4074074074074074
0 0.062169312169312166 0.6243386243386243 0.12433862433862433 0.43386243386243384
2 0.42063492063492064 0.4933862433862434 0.37566137566137564 0.17195767195767195
0 0.5502645502645502 0.5992063492063492 0.1164021164021164 0.3835978835978836
0 0.18386243386243387 0.8928571428571429 0.36772486772486773 0.21428571428571427
0 0.5119047619047619 0.8756613756613757 0.1931216931216931 0.24867724867724866
2 0.8042328042328042 0.6759259259259259 0.3915343915343915 0.5370370370370371
2 0.8108465608465608 0.9246031746031746 0.3783068783068783 0.15079365079365079