0 0.19895287958115182 0.3704188481675393 0.39790575916230364 0.337696335078534
2 0.18979057591623036 0.2591623036649215 0.3795811518324607 0.31413612565445026
0 0.2212041884816754 0.032722513089005235 0.4424083769633508 0.06544502617801047
2 0.7696335078534031 0.14397905759162305 0.4607329842931937 0.2879581151832461
0 0.07329842931937172 0.8206806282722513 0.14659685863874344 0.15968586387434555
2 0.04842931937172775 0.8638743455497382 0.0968586387434555 0.11518324607329843
2 0.15575916230366493 0.6832460732984293 0.31151832460732987 0.2879581151832461
0 0.38350785340314136 0.9293193717277487 0.2486910994764398 0.14136125654450263
2 0.3992146596858639 0.643979057591623 0.21727748691099477 0.13612565445026178
0 0.4214659685863874 0.5981675392670157 0.17277486910994763 0.11780104712041885
0 0.6531413612565445 0.9450261780104712 0.2905759162303665 0.1099476439790576