2 0.25 0.056372549019607844 0.5 0.11274509803921569
0 0.22058823529411764 0.3639705882352941 0.4411764705882353 0.12990196078431374
2 0.8578431372549019 0.28799019607843135 0.28431372549019607 0.2818627450980392
2 0.7328431372549019 0.10416666666666667 0.20588235294117646 0.20833333333333334
2 0.7095588235294118 0.28431372549019607 0.15931372549019607 0.28921568627450983
0 0.34068627450980393 0.7144607843137255 0.5784313725490197 0.571078431372549
0 0.06740196078431372 0.6470588235294118 0.13480392156862744 0.4362745098039216
2 0.04534313725490196 0.8504901960784313 0.09068627450980392 0.29901960784313725
0 0.8958333333333334 0.5134803921568627 0.14705882352941177 0.12745098039215685
0 0.8149509803921569 0.4693627450980392 0.17401960784313725 0.08088235294117647
2 0.7990196078431373 0.8026960784313726 0.3382352941176471 0.3897058823529412