2 0.5123762376237624 0.20297029702970298 0.23267326732673269 0.24257425742574257
2 0.375 0.23267326732673269 0.16584158415841585 0.16584158415841585
0 0.45792079207920794 0.1707920792079208 0.3415841584158416 0.3415841584158416
0 0.18688118811881188 0.15841584158415842 0.37376237623762376 0.31683168316831684
2 0.19801980198019803 0.4245049504950495 0.1782178217821782 0.25
0 0.043316831683168314 0.48886138613861385 0.08663366336633663 0.12128712871287128
0 0.7413366336633663 0.09777227722772278 0.22524752475247525 0.19554455445544555
2 0.8613861386138614 0.36386138613861385 0.27722772277227725 0.3712871287128713
0 0.6584158415841584 0.3254950495049505 0.0594059405940594 0.32425742574257427
0 0.2141089108910891 0.6089108910891089 0.15594059405940594 0.1188118811881188
2 0.3094059405940594 0.6138613861386139 0.297029702970297 0.12871287128712872
0 0.14727722772277227 0.8787128712871287 0.14108910891089108 0.24257425742574257
2 0.32673267326732675 0.9405940594059405 0.12376237623762376 0.1188118811881188
2 0.06683168316831684 0.8217821782178217 0.13366336633663367 0.3564356435643564
0 0.8143564356435643 0.693069306930693 0.3712871287128713 0.2871287128712871
2 0.7116336633663366 0.8985148514851485 0.16584158415841585 0.20297029702970298
0 0.8292079207920792 0.8997524752475248 0.3415841584158416 0.2004950495049505