0 0.05218446601941747 0.21844660194174756 0.10436893203883495 0.32524271844660196
2 0.08009708737864078 0.3276699029126214 0.16019417475728157 0.22330097087378642
2 0.28519417475728154 0.25485436893203883 0.308252427184466 0.3300970873786408
0 0.6201456310679612 0.3762135922330097 0.2354368932038835 0.20388349514563106
2 0.6444174757281553 0.28398058252427183 0.16747572815533981 0.22572815533980584
2 0.1553398058252427 0.5837378640776699 0.3106796116504854 0.2111650485436893
0 0.18689320388349515 0.8009708737864077 0.3737864077669903 0.39805825242718446
0 0.375 0.7936893203883495 0.12864077669902912 0.41262135922330095
2 0.5606796116504854 0.8288834951456311 0.24271844660194175 0.3422330097087379
0 0.5364077669902912 0.6419902912621359 0.1941747572815534 0.28398058252427183
0 0.8021844660194175 0.7390776699029126 0.39563106796116504 0.5218446601941747