0 0.4113756613756614 0.3478835978835979 0.21428571428571427 0.42592592592592593
0 0.21164021164021163 0.042328042328042326 0.42328042328042326 0.08465608465608465
2 0.167989417989418 0.578042328042328 0.2566137566137566 0.1402116402116402
2 0.9166666666666666 0.07142857142857142 0.16666666666666666 0.14285714285714285
0 0.8214285714285714 0.20238095238095238 0.35714285714285715 0.3941798941798942
2 0.7711640211640212 0.4722222222222222 0.4576719576719577 0.35185185185185186
0 0.6283068783068783 0.15079365079365079 0.21957671957671956 0.30158730158730157
0 0.582010582010582 0.3664021164021164 0.12698412698412698 0.36772486772486773
2 0.1388888888888889 0.798941798941799 0.2777777777777778 0.30158730158730157
2 0.8359788359788359 0.9523809523809523 0.328042328042328 0.09523809523809523
2 0.6137566137566137 0.8267195767195767 0.19047619047619047 0.21428571428571427
0 0.6388888888888888 0.7566137566137566 0.24074074074074073 0.21693121693121692