2 0.3083756345177665 0.07106598984771574 0.24111675126903553 0.14213197969543148
0 0.19416243654822335 0.12690355329949238 0.3883248730964467 0.25380710659898476
0 0.16624365482233502 0.315989847715736 0.33248730964467005 0.4035532994923858
2 0.2233502538071066 0.3629441624365482 0.41116751269035534 0.3096446700507614
2 0.6484771573604061 0.14974619289340102 0.16751269035532995 0.23604060913705585
0 0.8375634517766497 0.20939086294416243 0.3248730964467005 0.26649746192893403
2 0.9010152284263959 0.41878172588832485 0.19796954314720813 0.19796954314720813
2 0.20050761421319796 0.6256345177664975 0.4010152284263959 0.21573604060913706
2 0.116751269035533 0.8121827411167513 0.233502538071066 0.3756345177664975
0 0.8857868020304569 0.6053299492385786 0.22842639593908629 0.1751269035532995
2 0.9860406091370558 0.6586294416243654 0.027918781725888325 0.23604060913705585
2 0.5342639593908629 0.6776649746192893 0.21065989847715735 0.3197969543147208
2 0.7753807106598984 0.9479695431472082 0.44923857868020306 0.10406091370558376