2 0.17475728155339806 0.0412621359223301 0.2961165048543689 0.0825242718446602
0 0.23907766990291263 0.15048543689320387 0.4199029126213592 0.30097087378640774
2 0.47815533980582525 0.1553398058252427 0.10194174757281553 0.17718446601941748
2 0.8276699029126213 0.1650485436893204 0.3446601941747573 0.22815533980582525
0 0.25485436893203883 0.9599514563106796 0.5097087378640777 0.08009708737864078
2 0.06310679611650485 0.8398058252427184 0.1262135922330097 0.14563106796116504
0 0.2912621359223301 0.7718446601941747 0.4320388349514563 0.38349514563106796
2 0.5109223300970874 0.7305825242718447 0.11407766990291263 0.441747572815534
2 0.7839805825242718 0.8604368932038835 0.4320388349514563 0.279126213592233
0 0.6978155339805825 0.6699029126213593 0.25970873786407767 0.17475728155339806
2 0.7657766990291263 0.5461165048543689 0.308252427184466 0.07281553398058252