0 0.04826732673267327 0.17945544554455445 0.09653465346534654 0.21534653465346534
0 0.1745049504950495 0.275990099009901 0.349009900990099 0.4876237623762376
2 0.15965346534653466 0.36633663366336633 0.31435643564356436 0.2301980198019802
0 0.41707920792079206 0.2995049504950495 0.24504950495049505 0.26732673267326734
2 0.7388613861386139 0.4158415841584158 0.39851485148514854 0.2079207920792079
0 0.7673267326732673 0.20544554455445543 0.45544554455445546 0.41089108910891087
0 0.0891089108910891 0.879950495049505 0.1782178217821782 0.2400990099009901
2 0.14356435643564355 0.698019801980198 0.2871287128712871 0.3564356435643564
2 0.34034653465346537 0.9381188118811881 0.39851485148514854 0.12376237623762376
2 0.36014851485148514 0.6732673267326733 0.32425742574257427 0.3069306930693069
0 0.7698019801980198 0.7599009900990099 0.4603960396039604 0.4801980198019802
2 0.7698019801980198 0.8774752475247525 0.4603960396039604 0.24504950495049505