0 0.2156084656084656 0.16137566137566137 0.28835978835978837 0.291005291005291
2 0.23412698412698413 0.04894179894179894 0.25132275132275134 0.09788359788359788
2 0.17989417989417988 0.5211640211640212 0.35978835978835977 0.25396825396825395
0 0.5555555555555556 0.43783068783068785 0.3915343915343915 0.42063492063492064
2 0.5687830687830688 0.23412698412698413 0.41798941798941797 0.35714285714285715
0 0.8875661375661376 0.06878306878306878 0.22486772486772486 0.13756613756613756
0 0.9087301587301587 0.5317460317460317 0.18253968253968253 0.2328042328042328
2 0.08333333333333333 0.708994708994709 0.16666666666666666 0.12169312169312169
0 0.14682539682539683 0.798941798941799 0.29365079365079366 0.12433862433862433
2 0.5873015873015873 0.8240740740740741 0.455026455026455 0.35185185185185186
0 0.6031746031746031 0.8240740740740741 0.48677248677248675 0.35185185185185186
2 0.8849206349206349 0.8240740740740741 0.23015873015873015 0.35185185185185186