0 0.39304123711340205 0.15206185567010308 0.2654639175257732 0.30412371134020616
0 0.15850515463917525 0.4175257731958763 0.3170103092783505 0.22164948453608246
0 0.8646907216494846 0.04381443298969072 0.2706185567010309 0.08762886597938144
2 0.8801546391752577 0.19716494845360824 0.23969072164948454 0.16237113402061856
0 0.8144329896907216 0.40335051546391754 0.211340206185567 0.25
0 0.6430412371134021 0.43427835051546393 0.18814432989690721 0.18814432989690721
2 0.37371134020618557 0.625 0.35051546391752575 0.19329896907216496
0 0.24484536082474226 0.6481958762886598 0.30412371134020616 0.23969072164948454
2 0.05154639175257732 0.6610824742268041 0.10309278350515463 0.2654639175257732
2 0.26417525773195877 0.9420103092783505 0.17783505154639176 0.11597938144329897
2 0.6327319587628866 0.711340206185567 0.16752577319587628 0.36597938144329895
2 0.7164948453608248 0.9407216494845361 0.29381443298969073 0.11855670103092783