2 0.35072815533980584 0.16140776699029127 0.1383495145631068 0.21601941747572814
2 0.3640776699029126 0.36650485436893204 0.11165048543689321 0.38349514563106796
2 0.2682038834951456 0.5424757281553398 0.11893203883495146 0.050970873786407765
2 0.08616504854368932 0.3106796116504854 0.17233009708737865 0.441747572815534
2 0.11407766990291263 0.1104368932038835 0.22815533980582525 0.220873786407767
0 0.9029126213592233 0.11165048543689321 0.1941747572815534 0.22330097087378642
0 0.6614077669902912 0.07281553398058252 0.4830097087378641 0.14563106796116504
0 0.8313106796116505 0.34951456310679613 0.33737864077669905 0.4368932038834951
2 0.6043689320388349 0.28398058252427183 0.36893203883495146 0.5679611650485437
2 0.38106796116504854 0.7839805825242718 0.07766990291262135 0.4320388349514563
2 0.2099514563106796 0.7560679611650486 0.4199029126213592 0.3762135922330097
2 0.1553398058252427 0.9077669902912622 0.3106796116504854 0.18446601941747573
0 0.23179611650485438 0.9441747572815534 0.22572815533980584 0.11165048543689321
0 0.8652912621359223 0.7148058252427184 0.26941747572815533 0.2936893203883495
2 0.5436893203883495 0.8361650485436893 0.23786407766990292 0.2815533980582524