2 0.33663366336633666 0.3353960396039604 0.36633663366336633 0.14603960396039603
0 0.33663366336633666 0.15222772277227722 0.36633663366336633 0.30445544554455445
0 0.0952970297029703 0.1745049504950495 0.1905940594059406 0.349009900990099
0 0.8626237623762376 0.2042079207920792 0.2747524752475248 0.4084158415841584
2 0.8663366336633663 0.10891089108910891 0.26732673267326734 0.21782178217821782
0 0.573019801980198 0.2042079207920792 0.10643564356435643 0.4084158415841584
0 0.44554455445544555 0.8898514851485149 0.1485148514851485 0.2202970297029703
2 0.4443069306930693 0.8774752475247525 0.15099009900990099 0.24504950495049505
0 0.4405940594059406 0.5965346534653465 0.15841584158415842 0.37623762376237624
0 0.1967821782178218 0.8960396039603961 0.3935643564356436 0.2079207920792079
2 0.2042079207920792 0.6126237623762376 0.4084158415841584 0.4084158415841584
2 0.1943069306930693 0.7264851485148515 0.3886138613861386 0.2301980198019802
0 0.75 0.8168316831683168 0.4603960396039604 0.36633663366336633
0 0.7524752475247525 0.5420792079207921 0.46534653465346537 0.26732673267326734