2 0.06640625 0.5299479166666666 0.1328125 0.13802083333333334
0 0.4765625 0.11848958333333333 0.2864583333333333 0.23697916666666666
0 0.4765625 0.10546875 0.2864583333333333 0.2109375
0 0.7122395833333334 0.4518229166666667 0.18489583333333334 0.2578125
2 0.7526041666666666 0.4635416666666667 0.265625 0.2708333333333333
0 0.8098958333333334 0.23697916666666666 0.3802083333333333 0.4739583333333333
2 0.055989583333333336 0.8138020833333334 0.11197916666666667 0.3098958333333333
0 0.13932291666666666 0.82421875 0.2786458333333333 0.3463541666666667
0 0.4739583333333333 0.7994791666666666 0.2916666666666667 0.4010416666666667
2 0.4309895833333333 0.74609375 0.3776041666666667 0.2942708333333333
0 0.6848958333333334 0.84765625 0.13020833333333334 0.3046875
2 0.66015625 0.8450520833333334 0.08072916666666667 0.2942708333333333
2 0.85546875 0.9505208333333334 0.2890625 0.09895833333333333
0 0.859375 0.8684895833333334 0.28125 0.2630208333333333
2 0.8723958333333334 0.73046875 0.2552083333333333 0.2630208333333333