0 0.1793193717277487 0.2198952879581152 0.3586387434554974 0.4397905759162304
2 0.26570680628272253 0.21465968586387435 0.18586387434554974 0.4293193717277487
0 0.6714659685863874 0.056282722513089 0.6256544502617801 0.112565445026178
0 0.7264397905759162 0.2198952879581152 0.49476439790575916 0.4397905759162304
2 0.7840314136125655 0.24738219895287958 0.3586387434554974 0.38481675392670156
2 0.04450261780104712 0.6989528795811518 0.08900523560209424 0.43455497382198954
0 0.24738219895287958 0.6701570680628273 0.22251308900523561 0.4607329842931937
0 0.030104712041884817 0.7486910994764397 0.060209424083769635 0.5026178010471204
2 0.1793193717277487 0.7054973821989529 0.3586387434554974 0.5314136125654451
2 0.2931937172774869 0.6727748691099477 0.13089005235602094 0.46596858638743455
2 0.4620418848167539 0.5903141361256544 0.20680628272251309 0.3010471204188482
0 0.4856020942408377 0.7133507853403142 0.25392670157068065 0.20680628272251309
2 0.8887434554973822 0.5785340314136126 0.22251308900523561 0.2774869109947644
2 0.668848167539267 0.9450261780104712 0.2486910994764398 0.1099476439790576