0 0.21951219512195122 0.2524390243902439 0.4195121951219512 0.23170731707317074
0 0.48292682926829267 0.13414634146341464 0.1073170731707317 0.2682926829268293
0 0.75 0.12195121951219512 0.5 0.24390243902439024
0 0.7292682926829268 0.06463414634146342 0.5414634146341464 0.12926829268292683
2 0.2841463414634146 0.42317073170731706 0.29024390243902437 0.10975609756097561
0 0.2280487804878049 0.4573170731707317 0.4024390243902439 0.17804878048780487
2 0.2146341463414634 0.8621951219512195 0.4292682926829268 0.275609756097561
2 0.6073170731707317 0.875609756097561 0.35609756097560974 0.24878048780487805
2 0.5609756097560976 0.8414634146341463 0.2634146341463415 0.2097560975609756
0 0.8146341463414634 0.44878048780487806 0.37073170731707317 0.16097560975609757
0 0.8390243902439024 0.823170731707317 0.32195121951219513 0.35365853658536583
2 0.925609756097561 0.8146341463414634 0.14878048780487804 0.34146341463414637