2 0.16927083333333334 0.09244791666666667 0.3385416666666667 0.18489583333333334
2 0.16927083333333334 0.34765625 0.3385416666666667 0.1640625
0 0.4388020833333333 0.3229166666666667 0.20052083333333334 0.21354166666666666
2 0.49609375 0.22005208333333334 0.0546875 0.15104166666666666
0 0.7447916666666666 0.21484375 0.5104166666666666 0.4296875
0 0.05078125 0.7122395833333334 0.1015625 0.3463541666666667
0 0.19921875 0.57421875 0.2786458333333333 0.2890625
0 0.22005208333333334 0.9127604166666666 0.23697916666666666 0.17447916666666666
2 0.4544270833333333 0.78125 0.22135416666666666 0.4375
0 0.4557291666666667 0.76953125 0.234375 0.4609375
0 0.9153645833333334 0.7526041666666666 0.16927083333333334 0.375