0 0.3939393939393939 0.06313131313131314 0.20202020202020202 0.12626262626262627
0 0.3888888888888889 0.2727272727272727 0.398989898989899 0.35353535353535354
0 0.11742424242424243 0.29292929292929293 0.23484848484848486 0.31313131313131315
2 0.9583333333333334 0.07323232323232323 0.08333333333333333 0.14646464646464646
0 0.9393939393939394 0.14267676767676768 0.12121212121212122 0.07323232323232323
2 0.75 0.31565656565656564 0.29292929292929293 0.2676767676767677
0 0.8661616161616161 0.29797979797979796 0.2676767676767677 0.30303030303030304
2 0.5037878787878788 0.5037878787878788 0.1691919191919192 0.10858585858585859
0 0.07702020202020202 0.6123737373737373 0.15404040404040403 0.32575757575757575
0 0.5025252525252525 0.8876262626262627 0.1717171717171717 0.22474747474747475
2 0.09974747474747475 0.9065656565656566 0.1994949494949495 0.18686868686868688
2 0.8459595959595959 0.47853535353535354 0.18686868686868688 0.05808080808080808
2 0.9267676767676768 0.6199494949494949 0.14646464646464646 0.3409090909090909
2 0.6502525252525253 0.6426767676767676 0.12373737373737374 0.38636363636363635
2 0.8573232323232324 0.8838383838383839 0.28535353535353536 0.23232323232323232
2 0.6553030303030303 0.8825757575757576 0.13383838383838384 0.15404040404040403
0 0.6641414141414141 0.9027777777777778 0.15151515151515152 0.19444444444444445