0 0.17857142857142858 0.08251231527093596 0.33251231527093594 0.16502463054187191
0 0.3694581280788177 0.16133004926108374 0.28078817733990147 0.3226600985221675
2 0.20320197044334976 0.35714285714285715 0.15517241379310345 0.3645320197044335
2 0.7660098522167488 0.20689655172413793 0.46798029556650245 0.41379310344827586
2 0.8460591133004927 0.43349753694581283 0.3078817733990148 0.2315270935960591
0 0.14532019704433496 0.6133004926108374 0.29064039408866993 0.12807881773399016
2 0.21798029556650247 0.645320197044335 0.2536945812807882 0.1921182266009852
0 0.3645320197044335 0.7105911330049262 0.29064039408866993 0.3226600985221675
2 0.13916256157635468 0.8362068965517241 0.27832512315270935 0.3275862068965517
2 0.34236453201970446 0.8805418719211823 0.33497536945812806 0.23891625615763548
0 0.8177339901477833 0.6083743842364532 0.28078817733990147 0.11822660098522167
2 0.6403940886699507 0.5911330049261084 0.26108374384236455 0.08374384236453201
0 0.7549261083743842 0.7807881773399015 0.49014778325123154 0.43842364532019706