2 0.6134020618556701 0.06443298969072164 0.30927835051546393 0.12886597938144329
2 0.6585051546391752 0.25 0.2190721649484536 0.39690721649484534
0 0.884020618556701 0.22422680412371135 0.23195876288659795 0.4484536082474227
2 0.8582474226804123 0.3595360824742268 0.18041237113402062 0.17783505154639176
0 0.32603092783505155 0.5167525773195877 0.6211340206185567 0.13659793814432988
2 0.7010309278350515 0.7242268041237113 0.13402061855670103 0.5515463917525774
0 0.4806701030927835 0.729381443298969 0.538659793814433 0.5412371134020618
0 0.23067010309278352 0.7615979381443299 0.46134020618556704 0.47680412371134023
0 0.884020618556701 0.6069587628865979 0.23195876288659795 0.3170103092783505
0 0.9033505154639175 0.8505154639175257 0.19329896907216496 0.29896907216494845
0 0.8286082474226805 0.8788659793814433 0.1211340206185567 0.2422680412371134