2 0.15504807692307693 0.11057692307692307 0.31009615384615385 0.22115384615384615
0 0.22956730769230768 0.1141826923076923 0.45913461538461536 0.2283653846153846
2 0.22956730769230768 0.3870192307692308 0.45913461538461536 0.5432692307692307
2 0.9375 0.06850961538461539 0.125 0.13701923076923078
0 0.7475961538461539 0.0985576923076923 0.21634615384615385 0.1971153846153846
0 0.703125 0.3076923076923077 0.15144230769230768 0.18509615384615385
2 0.7007211538461539 0.5600961538461539 0.10576923076923077 0.1466346153846154
0 0.40625 0.8689903846153846 0.10576923076923077 0.21875
2 0.8629807692307693 0.7800480769230769 0.27403846153846156 0.24278846153846154
0 0.6117788461538461 0.75 0.30528846153846156 0.18269230769230768
2 0.4963942307692308 0.7596153846153846 0.07451923076923077 0.20192307692307693
2 0.8810096153846154 0.9026442307692307 0.23798076923076922 0.19471153846153846
2 0.6694711538461539 0.9435096153846154 0.4206730769230769 0.11298076923076923