0 0.3917525773195876 0.211340206185567 0.5515463917525774 0.3556701030927835
0 0.08762886597938144 0.24097938144329897 0.17525773195876287 0.2963917525773196
2 0.7925257731958762 0.1134020618556701 0.25 0.2268041237113402
0 0.8337628865979382 0.06572164948453608 0.3324742268041237 0.13144329896907217
2 0.586340206185567 0.586340206185567 0.16237113402061856 0.3015463917525773
0 0.4497422680412371 0.6018041237113402 0.31958762886597936 0.19329896907216496
2 0.4368556701030928 0.7835051546391752 0.46134020618556704 0.39690721649484534
0 0.22809278350515463 0.5270618556701031 0.45618556701030927 0.2757731958762887
0 0.15077319587628865 0.759020618556701 0.3015463917525773 0.48195876288659795
2 0.9510309278350515 0.7074742268041238 0.0979381443298969 0.5850515463917526
2 0.8298969072164949 0.8079896907216495 0.3247422680412371 0.38402061855670105