2 0.3805970149253731 0.3718905472636816 0.13432835820895522 0.09203980099502487
0 0.2512437810945274 0.27611940298507465 0.24378109452736318 0.2835820895522388
0 0.3208955223880597 0.08582089552238806 0.2537313432835821 0.17164179104477612
0 0.10074626865671642 0.208955223880597 0.20149253731343283 0.417910447761194
0 0.8781094527363185 0.208955223880597 0.24378109452736318 0.417910447761194
2 0.6355721393034826 0.208955223880597 0.3756218905472637 0.417910447761194
2 0.20149253731343283 0.9116915422885572 0.39303482587064675 0.17661691542288557
0 0.21019900497512436 0.8196517412935324 0.42039800995024873 0.36069651741293535
2 0.22388059701492538 0.5845771144278606 0.44776119402985076 0.3333333333333333
0 0.7300995024875622 0.8308457711442786 0.31592039800995025 0.3383084577114428
2 0.5845771144278606 0.7412935323383084 0.1318407960199005 0.21393034825870647
0 0.5522388059701493 0.6156716417910447 0.208955223880597 0.16169154228855723