2 0.25523560209424084 0.17015706806282724 0.5104712041884817 0.3403141361256545
2 0.5471204188481675 0.39790575916230364 0.3036649214659686 0.12041884816753927
0 0.8481675392670157 0.058900523560209424 0.29842931937172773 0.11780104712041885
0 0.9410994764397905 0.3102094240837696 0.11780104712041885 0.29581151832460734
0 0.12958115183246074 0.756544502617801 0.225130890052356 0.2356020942408377
2 0.1544502617801047 0.9712041884816754 0.10471204188481675 0.05759162303664921
2 0.4410994764397906 0.7617801047120419 0.4319371727748691 0.25392670157068065
0 0.48429319371727747 0.4829842931937173 0.4293193717277487 0.049738219895287955
0 0.81282722513089 0.7290575916230366 0.22774869109947643 0.5418848167539267
2 0.7892670157068062 0.9018324607329843 0.1806282722513089 0.19633507853403143
0 0.9280104712041884 0.7578534031413613 0.14397905759162305 0.48429319371727747