2 0.4 0.37435897435897436 0.4358974358974359 0.21025641025641026
2 0.2692307692307692 0.23205128205128206 0.33589743589743587 0.17435897435897435
2 0.45897435897435895 0.07435897435897436 0.31794871794871793 0.14871794871794872
2 0.8641025641025641 0.24358974358974358 0.2717948717948718 0.22564102564102564
0 0.808974358974359 0.1371794871794872 0.382051282051282 0.2743589743589744
2 0.04487179487179487 0.6333333333333333 0.08974358974358974 0.26153846153846155
0 0.38333333333333336 0.9461538461538461 0.46923076923076923 0.1076923076923077
2 0.18333333333333332 0.6666666666666666 0.2282051282051282 0.37435897435897436
0 0.4256410256410256 0.5307692307692308 0.38461538461538464 0.10256410256410256
2 0.6679487179487179 0.8487179487179487 0.1 0.17435897435897435
2 0.8974358974358975 0.7397435897435898 0.20512820512820512 0.5205128205128206