0 0.29209183673469385 0.10204081632653061 0.29336734693877553 0.20408163265306123
0 0.2193877551020408 0.43494897959183676 0.4387755102040816 0.2066326530612245
0 0.5535714285714286 0.26785714285714285 0.22959183673469388 0.23979591836734693
2 0.6135204081632653 0.06887755102040816 0.3494897959183674 0.1377551020408163
2 0.6096938775510204 0.22193877551020408 0.3010204081632653 0.32908163265306123
0 0.6211734693877551 0.1989795918367347 0.3647959183673469 0.3979591836734694
2 0.8545918367346939 0.22576530612244897 0.29081632653061223 0.45153061224489793
0 0.7372448979591837 0.4744897959183674 0.17346938775510204 0.12755102040816327
0 0.15943877551020408 0.8329081632653061 0.31887755102040816 0.33418367346938777
0 0.4923469387755102 0.8073979591836735 0.10714285714285714 0.3852040816326531
0 0.7818877551020408 0.5905612244897959 0.4362244897959184 0.10459183673469388
2 0.8711734693877551 0.889030612244898 0.2576530612244898 0.16071428571428573
0 0.8010204081632653 0.7589285714285714 0.3979591836734694 0.29336734693877553