0 0.25396825396825395 0.14417989417989419 0.41798941798941797 0.28835978835978837
2 0.2156084656084656 0.541005291005291 0.4312169312169312 0.5158730158730159
2 0.5066137566137566 0.1402116402116402 0.12433862433862433 0.2804232804232804
0 0.5026455026455027 0.5304232804232805 0.13227513227513227 0.5370370370370371
0 0.6970899470899471 0.30687830687830686 0.2566137566137566 0.2857142857142857
2 0.7962962962962963 0.17063492063492064 0.05291005291005291 0.15343915343915343
2 0.6997354497354498 0.6798941798941799 0.2619047619047619 0.23809523809523808
0 0.8981481481481481 0.28703703703703703 0.2037037037037037 0.5740740740740741
2 0.906084656084656 0.6706349206349206 0.18783068783068782 0.2566137566137566
0 0.4603174603174603 0.8994708994708994 0.21693121693121692 0.20105820105820105
0 0.7843915343915344 0.8994708994708994 0.4312169312169312 0.20105820105820105