2 0.20963541666666666 0.5260416666666666 0.19791666666666666 0.16145833333333334
0 0.08072916666666667 0.43359375 0.16145833333333334 0.4505208333333333
0 0.12630208333333334 0.15885416666666666 0.2526041666666667 0.3177083333333333
2 0.8385416666666666 0.5703125 0.3229166666666667 0.15104166666666666
2 0.7239583333333334 0.5989583333333334 0.4479166666666667 0.11979166666666667
0 0.5260416666666666 0.6223958333333334 0.3229166666666667 0.07291666666666667
0 0.7265625 0.203125 0.546875 0.40625
0 0.42578125 0.22786458333333334 0.21614583333333334 0.4557291666666667
0 0.13671875 0.93359375 0.2734375 0.1328125
2 0.15885416666666666 0.73828125 0.3177083333333333 0.15885416666666666
0 0.7916666666666666 0.921875 0.4166666666666667 0.15625
2 0.7239583333333334 0.9361979166666666 0.40625 0.12760416666666666
0 0.3802083333333333 0.7369791666666666 0.125 0.15625