0 0.3355263157894737 0.06578947368421052 0.2868421052631579 0.13157894736842105
2 0.40657894736842104 0.2644736842105263 0.14473684210526316 0.2710526315789474
0 0.2131578947368421 0.2868421052631579 0.4263157894736842 0.22631578947368422
2 0.15526315789473685 0.23026315789473684 0.3105263157894737 0.3394736842105263
2 0.8618421052631579 0.225 0.27631578947368424 0.35
2 0.6947368421052632 0.12763157894736843 0.22105263157894736 0.19736842105263158
0 0.5684210526315789 0.15394736842105264 0.17894736842105263 0.3078947368421053
0 0.2394736842105263 0.6881578947368421 0.4789473684210526 0.5763157894736842
0 0.7394736842105263 0.525 0.5210526315789473 0.25
2 0.6276315789473684 0.7657894736842106 0.29736842105263156 0.3736842105263158
0 0.525 0.9355263157894737 0.09210526315789473 0.12894736842105264