0 0.1948529411764706 0.2818627450980392 0.3897058823529412 0.21568627450980393
0 0.30269607843137253 0.19240196078431374 0.17401960784313725 0.33578431372549017
0 0.1948529411764706 0.09681372549019608 0.3897058823529412 0.19362745098039216
0 0.866421568627451 0.2426470588235294 0.26715686274509803 0.29411764705882354
2 0.8529411764705882 0.29411764705882354 0.23529411764705882 0.19117647058823528
0 0.44607843137254904 0.3125 0.11274509803921569 0.15441176470588236
0 0.5392156862745098 0.11397058823529412 0.29901960784313725 0.22794117647058823
0 0.2928921568627451 0.6053921568627451 0.19362745098039216 0.28921568627450983
2 0.28308823529411764 0.4693627450980392 0.21323529411764705 0.15931372549019607
0 0.09681372549019608 0.5661764705882353 0.19362745098039216 0.35294117647058826
0 0.9448529411764706 0.8982843137254902 0.11029411764705882 0.14950980392156862
2 0.8443627450980392 0.8590686274509803 0.16666666666666666 0.17647058823529413
2 0.6348039215686274 0.821078431372549 0.49019607843137253 0.35784313725490197
0 0.553921568627451 0.6053921568627451 0.3284313725490196 0.43137254901960786