2 0.18518518518518517 0.3002645502645503 0.37037037037037035 0.2566137566137566
0 0.6243386243386243 0.15211640211640212 0.43386243386243384 0.30423280423280424
2 0.6111111111111112 0.32407407407407407 0.32275132275132273 0.20899470899470898
0 0.8597883597883598 0.21428571428571427 0.2804232804232804 0.42857142857142855
2 0.9047619047619048 0.10714285714285714 0.19047619047619047 0.21428571428571427
0 0.08597883597883597 0.6468253968253969 0.17195767195767195 0.3306878306878307
0 0.29894179894179895 0.7936507936507936 0.21693121693121692 0.2698412698412698
2 0.533068783068783 0.5198412698412699 0.24074074074074073 0.18253968253968253
2 0.5066137566137566 0.8809523809523809 0.1984126984126984 0.23809523809523808
0 0.8015873015873016 0.7513227513227513 0.3968253968253968 0.3544973544973545
2 0.9113756613756614 0.876984126984127 0.17724867724867724 0.11375661375661375