2 0.4236453201970443 0.437192118226601 0.15270935960591134 0.26354679802955666
0 0.39901477832512317 0.16625615763546797 0.2019704433497537 0.33251231527093594
2 0.14655172413793102 0.29064039408866993 0.29310344827586204 0.22167487684729065
0 0.09236453201970443 0.16625615763546797 0.18472906403940886 0.33251231527093594
2 0.8004926108374384 0.4630541871921182 0.27586206896551724 0.21182266009852216
0 0.8214285714285714 0.3522167487684729 0.35714285714285715 0.43349753694581283
0 0.8017241379310345 0.054187192118226604 0.39655172413793105 0.10837438423645321
0 0.5935960591133005 0.42980295566502463 0.18719211822660098 0.27832512315270935
2 0.2684729064039409 0.9187192118226601 0.4630541871921182 0.1625615763546798
2 0.25 0.6822660098522167 0.5 0.22660098522167488
0 0.9482758620689655 0.6933497536945813 0.10344827586206896 0.1206896551724138
2 0.9150246305418719 0.9051724137931034 0.16995073891625614 0.1354679802955665
0 0.8830049261083743 0.7820197044334976 0.16748768472906403 0.1477832512315271