2 0.2540322580645161 0.22043010752688172 0.5080645161290323 0.44086021505376344
2 0.18951612903225806 0.4543010752688172 0.3790322580645161 0.23118279569892472
0 0.239247311827957 0.4771505376344086 0.478494623655914 0.18548387096774194
0 0.8978494623655914 0.3172043010752688 0.20430107526881722 0.5053763440860215
0 0.6989247311827957 0.30376344086021506 0.3817204301075269 0.3387096774193548
2 0.4475806451612903 0.7567204301075269 0.12096774193548387 0.28763440860215056
2 0.3521505376344086 0.9260752688172043 0.3118279569892473 0.1478494623655914
2 0.2163978494623656 0.6370967741935484 0.29838709677419356 0.13440860215053763
0 0.0967741935483871 0.6841397849462365 0.1935483870967742 0.22849462365591397
0 0.14919354838709678 0.9556451612903226 0.29838709677419356 0.08870967741935484
2 0.8131720430107527 0.7096774193548387 0.3736559139784946 0.27956989247311825
2 0.7540322580645161 0.9327956989247311 0.49193548387096775 0.13440860215053763