2 0.21393034825870647 0.05970149253731343 0.42786069651741293 0.11940298507462686
0 0.19402985074626866 0.2736318407960199 0.3880597014925373 0.5323383084577115
2 0.06965174129353234 0.30970149253731344 0.13930348258706468 0.4601990049751244
0 0.9228855721393034 0.15796019900497513 0.15422885572139303 0.31592039800995025
2 0.527363184079602 0.2574626865671642 0.19900497512437812 0.35074626865671643
0 0.48134328358208955 0.3271144278606965 0.1044776119402985 0.42039800995024873
2 0.33955223880597013 0.7487562189054726 0.17661691542288557 0.417910447761194
0 0.07338308457711443 0.8606965174129353 0.14676616915422885 0.27860696517412936
0 0.8905472636815921 0.6243781094527363 0.21890547263681592 0.1691542288557214
2 0.8781094527363185 0.6293532338308457 0.24378109452736318 0.1791044776119403
0 0.6567164179104478 0.7263681592039801 0.4577114427860697 0.373134328358209
0 0.9365671641791045 0.8059701492537313 0.12686567164179105 0.3880597014925373
2 0.7139303482587065 0.8544776119402985 0.572139303482587 0.291044776119403
2 0.8507462686567164 0.8519900497512438 0.29850746268656714 0.2960199004975124