2 0.28465346534653463 0.2896039603960396 0.5693069306930693 0.5792079207920792
0 0.8044554455445545 0.08292079207920793 0.21287128712871287 0.16584158415841585
0 0.7846534653465347 0.43316831683168316 0.4306930693069307 0.29207920792079206
0 0.18811881188118812 0.6571782178217822 0.19306930693069307 0.15594059405940594
2 0.3564356435643564 0.8811881188118812 0.42574257425742573 0.2376237623762376
2 0.0655940594059406 0.7004950495049505 0.1311881188118812 0.24257425742574257
0 0.11262376237623763 0.8675742574257426 0.22524752475247525 0.26485148514851486
0 0.8106435643564357 0.6633663366336634 0.3787128712871287 0.16831683168316833
0 0.8514851485148515 0.8193069306930693 0.297029702970297 0.3564356435643564
0 0.8626237623762376 0.8898514851485149 0.2747524752475248 0.2202970297029703
0 0.6398514851485149 0.7128712871287128 0.14108910891089108 0.26732673267326734