0 0.1848404255319149 0.11436170212765957 0.2845744680851064 0.22872340425531915
0 0.2779255319148936 0.24867021276595744 0.14095744680851063 0.1356382978723404
2 0.2699468085106383 0.4308510638297872 0.15691489361702127 0.13829787234042554
2 0.8763297872340425 0.10638297872340426 0.2473404255319149 0.2127659574468085
2 0.5625 0.13164893617021275 0.42819148936170215 0.2632978723404255
2 0.8617021276595744 0.3404255319148936 0.2765957446808511 0.3191489361702128
2 0.6821808510638298 0.35771276595744683 0.1675531914893617 0.2845744680851064
2 0.07712765957446809 0.5877659574468085 0.15425531914893617 0.17553191489361702
0 0.015957446808510637 0.7606382978723404 0.031914893617021274 0.30851063829787234
0 0.17420212765957446 0.9348404255319149 0.3484042553191489 0.13031914893617022
2 0.8164893617021277 0.7553191489361702 0.3670212765957447 0.48936170212765956