2 0.6836734693877551 0.35841836734693877 0.09183673469387756 0.14030612244897958
0 0.6147959183673469 0.2780612244897959 0.22959183673469388 0.27040816326530615
2 0.28188775510204084 0.21428571428571427 0.5637755102040817 0.42857142857142855
0 0.9540816326530612 0.23469387755102042 0.09183673469387756 0.3877551020408163
2 0.8494897959183674 0.09821428571428571 0.23979591836734693 0.19642857142857142
0 0.8647959183673469 0.3737244897959184 0.27040816326530615 0.1096938775510204
2 0.6977040816326531 0.46938775510204084 0.06377551020408163 0.08163265306122448
2 0.514030612244898 0.8341836734693877 0.43112244897959184 0.33163265306122447
0 0.08290816326530612 0.6607142857142857 0.16581632653061223 0.3112244897959184
0 0.1913265306122449 0.8647959183673469 0.3826530612244898 0.27040816326530615
2 0.8647959183673469 0.7780612244897959 0.27040816326530615 0.44387755102040816