0 0.09871794871794871 0.36666666666666664 0.19743589743589743 0.3384615384615385
2 0.07692307692307693 0.34487179487179487 0.15384615384615385 0.28974358974358977
2 0.3628205128205128 0.5307692307692308 0.3923076923076923 0.17435897435897435
0 0.36538461538461536 0.4564102564102564 0.3871794871794872 0.3230769230769231
2 0.37948717948717947 0.2076923076923077 0.358974358974359 0.4153846153846154
2 0.6846153846153846 0.3858974358974359 0.2512820512820513 0.4641025641025641
0 0.8243589743589743 0.3871794871794872 0.35128205128205126 0.36923076923076925
2 0.7794871794871795 0.057692307692307696 0.441025641025641 0.11538461538461539
0 0.2794871794871795 0.8589743589743589 0.558974358974359 0.28205128205128205
2 0.2794871794871795 0.7576923076923077 0.558974358974359 0.2794871794871795
0 0.8282051282051283 0.8807692307692307 0.3435897435897436 0.23846153846153847