2 0.2896039603960396 0.1782178217821782 0.19801980198019803 0.3564356435643564
2 0.1943069306930693 0.45173267326732675 0.3886138613861386 0.23514851485148514
0 0.6893564356435643 0.20297029702970298 0.6014851485148515 0.40594059405940597
0 0.7920792079207921 0.42945544554455445 0.4158415841584158 0.27970297029702973
0 0.6311881188118812 0.4603960396039604 0.48514851485148514 0.21782178217821782
2 0.3155940594059406 0.7289603960396039 0.14603960396039603 0.3193069306930693
0 0.349009900990099 0.7351485148514851 0.07920792079207921 0.3316831683168317
2 0.1943069306930693 0.7846534653465347 0.3886138613861386 0.4306930693069307
0 0.1943069306930693 0.9492574257425742 0.3886138613861386 0.10148514851485149
2 0.8155940594059405 0.7004950495049505 0.29455445544554454 0.2623762376237624
0 0.8094059405940595 0.7042079207920792 0.3811881188118812 0.2698019801980198
2 0.6856435643564357 0.9096534653465347 0.4306930693069307 0.1806930693069307