2 0.21153846153846154 0.4064102564102564 0.14615384615384616 0.11282051282051282
0 0.05 0.23717948717948717 0.1 0.2641025641025641
2 0.8666666666666667 0.33974358974358976 0.26666666666666666 0.3871794871794872
2 0.5948717948717949 0.1 0.21025641025641026 0.2
2 0.6269230769230769 0.43846153846153846 0.2743589743589744 0.26153846153846155
0 0.33974358974358976 0.7846153846153846 0.3 0.4307692307692308
0 0.1294871794871795 0.7846153846153846 0.258974358974359 0.4307692307692308
2 0.8717948717948718 0.6602564102564102 0.2564102564102564 0.18205128205128204
0 0.8384615384615385 0.808974358974359 0.3230769230769231 0.382051282051282
2 0.6025641025641025 0.8012820512820513 0.2230769230769231 0.14871794871794872
0 0.5089743589743589 0.6987179487179487 0.038461538461538464 0.258974358974359