0 0.24390243902439024 0.05731707317073171 0.4878048780487805 0.11463414634146342
2 0.25 0.2146341463414634 0.47560975609756095 0.4292682926829268
0 0.5487804878048781 0.2914634146341463 0.12195121951219512 0.275609756097561
0 0.6329268292682927 0.07195121951219512 0.29024390243902437 0.14390243902439023
2 0.6 0.16463414634146342 0.22439024390243903 0.32926829268292684
0 0.901219512195122 0.0951219512195122 0.1975609756097561 0.1902439024390244
2 0.9097560975609756 0.25609756097560976 0.17317073170731706 0.22682926829268293
2 0.09878048780487805 0.9073170731707317 0.1975609756097561 0.18536585365853658
2 0.07682926829268293 0.6487804878048781 0.15365853658536585 0.3024390243902439
2 0.3170731707317073 0.848780487804878 0.34146341463414637 0.3024390243902439
2 0.31341463414634146 0.7548780487804878 0.348780487804878 0.3146341463414634
2 0.3329268292682927 0.5378048780487805 0.3097560975609756 0.21707317073170732
2 0.20365853658536584 0.5670731707317073 0.23658536585365852 0.275609756097561
0 0.7439024390243902 0.9658536585365853 0.5121951219512195 0.06829268292682927
0 0.7439024390243902 0.7146341463414634 0.5121951219512195 0.5707317073170731
2 0.8597560975609756 0.8560975609756097 0.2804878048780488 0.28780487804878047