0 0.3420398009950249 0.10945273631840796 0.5597014925373134 0.21890547263681592
0 0.8793532338308457 0.03109452736318408 0.21144278606965175 0.06218905472636816
2 0.9788557213930348 0.06218905472636816 0.04228855721393035 0.12437810945273632
2 0.05472636815920398 0.417910447761194 0.10945273631840796 0.39800995024875624
0 0.3482587064676617 0.486318407960199 0.6616915422885572 0.5348258706467661
2 0.11940298507462686 0.8793532338308457 0.23880597014925373 0.24129353233830847
2 0.4962686567164179 0.8569651741293532 0.2263681592039801 0.27611940298507465
2 0.3358208955223881 0.8470149253731343 0.39303482587064675 0.30597014925373134
0 0.9701492537313433 0.3781094527363184 0.05970149253731343 0.31840796019900497
2 0.8034825870646766 0.4191542288557214 0.24875621890547264 0.35572139303482586
2 0.9116915422885572 0.4689054726368159 0.17661691542288557 0.291044776119403
0 0.8395522388059702 0.4228855721393035 0.3208955223880597 0.4079601990049751
2 0.8395522388059702 0.7711442786069652 0.3208955223880597 0.4577114427860697