0 0.13696808510638298 0.21675531914893617 0.27393617021276595 0.35904255319148937
2 0.5851063829787234 0.11170212765957446 0.2553191489361702 0.22340425531914893
2 0.8125 0.09707446808510638 0.2579787234042553 0.19414893617021275
0 0.5332446808510638 0.38563829787234044 0.21010638297872342 0.34574468085106386
2 0.07712765957446809 0.7154255319148937 0.15425531914893617 0.31382978723404253
0 0.03723404255319149 0.7300531914893617 0.07446808510638298 0.34308510638297873
2 0.5877659574468085 0.6901595744680851 0.3191489361702128 0.2632978723404255
0 0.589095744680851 0.711436170212766 0.32180851063829785 0.3058510638297872
2 0.839095744680851 0.663563829787234 0.32180851063829785 0.21010638297872342
2 0.5970744680851063 0.8896276595744681 0.3377659574468085 0.22074468085106383
2 0.9202127659574468 0.8603723404255319 0.1595744680851064 0.27925531914893614