2 0.3854166666666667 0.24348958333333334 0.2864583333333333 0.4869791666666667
2 0.12109375 0.4088541666666667 0.2421875 0.3385416666666667
2 0.3541666666666667 0.4635416666666667 0.3489583333333333 0.22916666666666666
2 0.89453125 0.2890625 0.2109375 0.578125
0 0.640625 0.45703125 0.22395833333333334 0.2421875
2 0.6783854166666666 0.4908854166666667 0.22135416666666666 0.17447916666666666
0 0.13802083333333334 0.7317708333333334 0.2760416666666667 0.3072916666666667
2 0.3971354166666667 0.6705729166666666 0.2630208333333333 0.18489583333333334
0 0.4140625 0.859375 0.22916666666666666 0.2708333333333333
2 0.30859375 0.9375 0.4401041666666667 0.125
0 0.5690104166666666 0.6861979166666666 0.08072916666666667 0.21614583333333334
0 0.8138020833333334 0.9244791666666666 0.2109375 0.15104166666666666