0 0.30859375 0.22395833333333334 0.2421875 0.4479166666666667
0 0.30859375 0.22395833333333334 0.2421875 0.4479166666666667
2 0.7669270833333334 0.24348958333333334 0.4661458333333333 0.4088541666666667
0 0.5559895833333334 0.22395833333333334 0.2526041666666667 0.4479166666666667
0 0.3098958333333333 0.76953125 0.23958333333333334 0.4244791666666667
0 0.12630208333333334 0.5078125 0.2265625 0.11979166666666667
0 0.09765625 0.9231770833333334 0.1953125 0.15364583333333334
2 0.8893229166666666 0.52734375 0.22135416666666666 0.15885416666666666
0 0.7135416666666666 0.58984375 0.5677083333333334 0.2838541666666667
0 0.6783854166666666 0.80859375 0.4973958333333333 0.3828125
2 0.78125 0.84765625 0.4375 0.3046875