0 0.3565989847715736 0.17893401015228427 0.3020304568527919 0.35786802030456855
2 0.39593908629441626 0.2753807106598985 0.2233502538071066 0.1649746192893401
0 0.8895939086294417 0.13959390862944163 0.22081218274111675 0.27918781725888325
0 0.6269035532994924 0.07233502538071065 0.23857868020304568 0.1446700507614213
2 0.7436548223350253 0.03934010152284264 0.14720812182741116 0.07868020304568528
0 0.7982233502538071 0.28045685279187815 0.4035532994923858 0.1548223350253807
2 0.22715736040609136 0.7982233502538071 0.4543147208121827 0.4035532994923858
2 0.9175126903553299 0.5241116751269036 0.1649746192893401 0.33248730964467005
2 0.6713197969543148 0.4847715736040609 0.32741116751269034 0.25380710659898476
2 0.7982233502538071 0.8083756345177665 0.4035532994923858 0.383248730964467
2 0.6256345177664975 0.7309644670050761 0.23604060913705585 0.5380710659898477