2 0.4497354497354497 0.09656084656084656 0.13756613756613756 0.16666666666666666
2 0.40343915343915343 0.48148148148148145 0.23015873015873015 0.2751322751322751
2 0.4126984126984127 0.4642857142857143 0.21164021164021163 0.2777777777777778
0 0.10582010582010581 0.13624338624338625 0.21164021164021163 0.2724867724867725
0 0.18915343915343916 0.4933862433862434 0.3783068783068783 0.25132275132275134
2 0.08994708994708994 0.5105820105820106 0.17989417989417988 0.21693121693121692
2 0.8743386243386243 0.06878306878306878 0.22486772486772486 0.13756613756613756
2 0.7857142857142857 0.026455026455026454 0.15873015873015872 0.05291005291005291
0 0.906084656084656 0.43915343915343913 0.18783068783068782 0.35978835978835977
2 0.6428571428571429 0.2830687830687831 0.24867724867724866 0.24338624338624337
2 0.6746031746031746 0.4113756613756614 0.31216931216931215 0.1402116402116402
0 0.66005291005291 0.5145502645502645 0.2830687830687831 0.20899470899470898
0 0.3306878306878307 0.7301587301587301 0.37566137566137564 0.2222222222222222
2 0.1335978835978836 0.9325396825396826 0.2671957671957672 0.1349206349206349
2 0.8835978835978836 0.6878306878306878 0.2328042328042328 0.13756613756613756
0 0.75 0.6574074074074074 0.4523809523809524 0.07671957671957672