2 0.03926701570680628 0.15575916230366493 0.07853403141361257 0.112565445026178
0 0.11125654450261781 0.2774869109947644 0.22251308900523561 0.2198952879581152
2 0.36518324607329844 0.2918848167539267 0.22774869109947643 0.19109947643979058
2 0.7984293193717278 0.08507853403141362 0.4031413612565445 0.17015706806282724
0 0.7971204188481675 0.20026178010471204 0.40575916230366493 0.19109947643979058
2 0.11387434554973822 0.900523560209424 0.22774869109947643 0.19895287958115182
2 0.011780104712041885 0.8455497382198953 0.02356020942408377 0.21465968586387435
2 0.11649214659685864 0.7604712041884817 0.23298429319371727 0.2643979057591623
0 0.3206806282722513 0.556282722513089 0.16753926701570682 0.11780104712041885
2 0.5510471204188482 0.5798429319371727 0.14397905759162305 0.38481675392670156
2 0.7997382198952879 0.8638743455497382 0.4005235602094241 0.27225130890052357
0 0.7971204188481675 0.9280104712041884 0.40575916230366493 0.14397905759162305
2 0.8049738219895288 0.5667539267015707 0.3900523560209424 0.3586387434554974