2 0.12315270935960591 0.15270935960591134 0.24630541871921183 0.3054187192118227
0 0.10714285714285714 0.1810344827586207 0.21428571428571427 0.27832512315270935
2 0.0812807881773399 0.41379310344827586 0.1625615763546798 0.46798029556650245
0 0.3497536945812808 0.21921182266009853 0.3793103448275862 0.43842364532019706
2 0.3706896551724138 0.21921182266009853 0.3374384236453202 0.43842364532019706
0 0.2770935960591133 0.4815270935960591 0.5049261083743842 0.33251231527093594
2 0.7426108374384236 0.3694581280788177 0.4064039408866995 0.5566502463054187
2 0.9113300492610837 0.46921182266009853 0.17733990147783252 0.35714285714285715
0 0.16133004926108374 0.8928571428571429 0.3226600985221675 0.21428571428571427
2 0.3854679802955665 0.853448275862069 0.1354679802955665 0.1724137931034483
0 0.41502463054187194 0.9359605911330049 0.22413793103448276 0.12807881773399016
2 0.7820197044334976 0.8238916256157636 0.43596059113300495 0.3522167487684729