2 0.15433673469387754 0.03316326530612245 0.3086734693877551 0.0663265306122449
2 0.20535714285714285 0.4017857142857143 0.24744897959183673 0.375
0 0.2602040816326531 0.4119897959183674 0.1377551020408163 0.35459183673469385
0 0.6428571428571429 0.22321428571428573 0.37755102040816324 0.34438775510204084
2 0.7066326530612245 0.27040816326530615 0.23979591836734693 0.22448979591836735
2 0.8214285714285714 0.058673469387755105 0.08163265306122448 0.11734693877551021
0 0.5943877551020408 0.4732142857142857 0.5306122448979592 0.23214285714285715
0 0.8915816326530612 0.46683673469387754 0.1760204081632653 0.24489795918367346
2 0.9323979591836735 0.475765306122449 0.13520408163265307 0.21683673469387754
0 0.16454081632653061 0.6339285714285714 0.32908163265306123 0.08928571428571429
2 0.047193877551020405 0.8392857142857143 0.09438775510204081 0.32142857142857145
2 0.1798469387755102 0.8227040816326531 0.29846938775510207 0.35459183673469385
2 0.44260204081632654 0.7946428571428571 0.22704081632653061 0.4107142857142857
2 0.6454081632653061 0.7589285714285714 0.27040816326530615 0.3392857142857143
0 0.8380102040816326 0.7946428571428571 0.3239795918367347 0.4107142857142857