2 0.4601063829787234 0.13297872340425532 0.13829787234042554 0.26595744680851063
2 0.3523936170212766 0.1196808510638298 0.27393617021276595 0.2393617021276596
0 0.2925531914893617 0.39095744680851063 0.3617021276595745 0.17553191489361702
0 0.8523936170212766 0.11037234042553191 0.26595744680851063 0.17287234042553193
2 0.7646276595744681 0.31382978723404253 0.47074468085106386 0.32978723404255317
0 0.46143617021276595 0.6648936170212766 0.1356382978723404 0.3723404255319149
2 0.4627659574468085 0.6396276595744681 0.13297872340425532 0.32180851063829785
2 0.2127659574468085 0.8976063829787234 0.425531914893617 0.2047872340425532
0 0.925531914893617 0.6569148936170213 0.14893617021276595 0.23404255319148937
0 0.6595744680851063 0.6023936170212766 0.26063829787234044 0.2473404255319149
0 0.8776595744680851 0.863031914893617 0.24468085106382978 0.27393617021276595
2 0.7220744680851063 0.8590425531914894 0.10904255319148937 0.28191489361702127
2 0.6063829787234043 0.9029255319148937 0.15425531914893617 0.19414893617021275