0 0.08507853403141362 0.49214659685863876 0.17015706806282724 0.1518324607329843
0 0.07591623036649214 0.20026178010471204 0.1518324607329843 0.4005235602094241
0 0.29842931937172773 0.07853403141361257 0.4397905759162304 0.15706806282722513
2 0.3089005235602094 0.2630890052356021 0.418848167539267 0.4895287958115183
2 0.6793193717277487 0.1099476439790576 0.3219895287958115 0.2198952879581152
0 0.6793193717277487 0.11518324607329843 0.3219895287958115 0.23036649214659685
0 0.9083769633507853 0.31675392670157065 0.18324607329842932 0.44502617801047123
0 0.2591623036649215 0.8442408376963351 0.518324607329843 0.31151832460732987
2 0.6230366492146597 0.6112565445026178 0.2094240837696335 0.08638743455497382
2 0.6662303664921466 0.7984293193717278 0.29581151832460734 0.4031413612565445
2 0.8965968586387435 0.7604712041884817 0.20680628272251309 0.38481675392670156