2 0.1798469387755102 0.02423469387755102 0.2372448979591837 0.04846938775510204
2 0.15306122448979592 0.4247448979591837 0.30612244897959184 0.24744897959183673
2 0.41964285714285715 0.1364795918367347 0.3596938775510204 0.2729591836734694
0 0.3252551020408163 0.4630102040816326 0.08928571428571429 0.1326530612244898
0 0.7423469387755102 0.08418367346938775 0.2857142857142857 0.1683673469387755
0 0.7997448979591837 0.09183673469387756 0.4005102040816326 0.1836734693877551
2 0.7997448979591837 0.45663265306122447 0.4005102040816326 0.1836734693877551
2 0.12244897959183673 0.8826530612244898 0.24489795918367346 0.23469387755102042
2 0.39413265306122447 0.6556122448979592 0.4107142857142857 0.21428571428571427
0 0.39413265306122447 0.5931122448979592 0.4107142857142857 0.08928571428571429
2 0.3864795918367347 0.8660714285714286 0.4260204081632653 0.26785714285714285
2 0.7997448979591837 0.9247448979591837 0.4005102040816326 0.15051020408163265