2 0.25728155339805825 0.09223300970873786 0.20388349514563106 0.18446601941747573
0 0.14684466019417475 0.345873786407767 0.2936893203883495 0.3470873786407767
0 0.7657766990291263 0.08737864077669903 0.279126213592233 0.17475728155339806
2 0.683252427184466 0.08859223300970874 0.49271844660194175 0.17718446601941748
2 0.6286407766990292 0.29854368932038833 0.46359223300970875 0.3422330097087379
0 0.912621359223301 0.36771844660194175 0.17475728155339806 0.30339805825242716
2 0.09344660194174757 0.8737864077669902 0.18689320388349515 0.2524271844660194
0 0.2621359223300971 0.7609223300970874 0.1941747572815534 0.4733009708737864
0 0.5133495145631068 0.5764563106796117 0.308252427184466 0.11407766990291263
2 0.45995145631067963 0.8252427184466019 0.20145631067961164 0.34951456310679613
2 0.7924757281553398 0.7087378640776699 0.41504854368932037 0.3786407766990291
2 0.8070388349514563 0.8944174757281553 0.3859223300970874 0.2111650485436893
0 0.7657766990291263 0.8883495145631068 0.4684466019417476 0.22330097087378642