0 0.13696808510638298 0.11436170212765957 0.27393617021276595 0.22872340425531915
2 0.11037234042553191 0.3550531914893617 0.22074468085106383 0.14627659574468085
0 0.6715425531914894 0.21143617021276595 0.3058510638297872 0.22606382978723405
0 0.6090425531914894 0.36436170212765956 0.18085106382978725 0.1276595744680851
2 0.7845744680851063 0.37101063829787234 0.18085106382978725 0.11436170212765957
0 0.18351063829787234 0.538563829787234 0.1276595744680851 0.22074468085106383
2 0.3271276595744681 0.6183510638297872 0.25 0.09840425531914894
0 0.061170212765957445 0.8231382978723404 0.12234042553191489 0.3537234042553192
2 0.28856382978723405 0.8204787234042553 0.4228723404255319 0.35904255319148937
0 0.39228723404255317 0.8257978723404256 0.2526595744680851 0.3484042553191489
2 0.7247340425531915 0.863031914893617 0.3696808510638298 0.27393617021276595