0 0.4489247311827957 0.10349462365591398 0.3387096774193548 0.20698924731182797
0 0.11693548387096774 0.18010752688172044 0.23387096774193547 0.3602150537634409
2 0.44086021505376344 0.3629032258064516 0.3548387096774194 0.06989247311827956
0 0.1868279569892473 0.3024193548387097 0.30913978494623656 0.19086021505376344
2 0.7661290322580645 0.15188172043010753 0.2956989247311828 0.30376344086021506
2 0.956989247311828 0.2768817204301075 0.08602150537634409 0.24193548387096775
0 0.4946236559139785 0.7432795698924731 0.21505376344086022 0.1881720430107527
2 0.08198924731182795 0.6989247311827957 0.1639784946236559 0.6021505376344086
2 0.2594086021505376 0.9153225806451613 0.2661290322580645 0.1693548387096774
0 0.4018817204301075 0.8884408602150538 0.4274193548387097 0.22311827956989247
2 0.7943548387096774 0.6223118279569892 0.28763440860215056 0.34946236559139787
0 0.8091397849462365 0.8978494623655914 0.3817204301075269 0.20430107526881722