2 0.5169270833333334 0.020833333333333332 0.1640625 0.041666666666666664
2 0.296875 0.42578125 0.14583333333333334 0.5442708333333334
2 0.4622395833333333 0.44140625 0.3255208333333333 0.5130208333333334
2 0.040364583333333336 0.5247395833333334 0.08072916666666667 0.3463541666666667
2 0.02734375 0.2799479166666667 0.0546875 0.4817708333333333
0 0.7526041666666666 0.1796875 0.1875 0.3385416666666667
2 0.8294270833333334 0.5768229166666666 0.3411458333333333 0.2421875
0 0.7734375 0.5533854166666666 0.22916666666666666 0.2890625
2 0.17447916666666666 0.7552083333333334 0.3489583333333333 0.11458333333333333
2 0.4934895833333333 0.890625 0.3307291666666667 0.21875
2 0.17057291666666666 0.8932291666666666 0.3411458333333333 0.21354166666666666