0 0.16053921568627452 0.29534313725490197 0.25735294117647056 0.3897058823529412
2 0.013480392156862746 0.4007352941176471 0.02696078431372549 0.25735294117647056
0 0.4387254901960784 0.28431372549019607 0.09803921568627451 0.5686274509803921
2 0.6053921568627451 0.4534313725490196 0.23529411764705882 0.23039215686274508
2 0.12867647058823528 0.7843137254901961 0.25735294117647056 0.43137254901960786
2 0.41544117647058826 0.7438725490196079 0.14460784313725492 0.35049019607843135
2 0.24387254901960784 0.9509803921568627 0.4877450980392157 0.09803921568627451
2 0.5919117647058824 0.6703431372549019 0.20833333333333334 0.2034313725490196
2 0.8762254901960784 0.6593137254901961 0.24754901960784315 0.18137254901960784
2 0.7340686274509803 0.8394607843137255 0.49264705882352944 0.32107843137254904
2 0.9252450980392157 0.7450980392156863 0.14950980392156862 0.24509803921568626
0 0.9264705882352942 0.8321078431372549 0.14705882352941177 0.33578431372549017