0 0.25 0.06377551020408163 0.5 0.12755102040816327
2 0.25 0.31887755102040816 0.5 0.6173469387755102
2 0.5650510204081632 0.09183673469387756 0.13010204081632654 0.1836734693877551
0 0.5637755102040817 0.09438775510204081 0.12755102040816327 0.18877551020408162
2 0.7372448979591837 0.07908163265306123 0.2602040816326531 0.15816326530612246
2 0.7895408163265306 0.42091836734693877 0.42091836734693877 0.413265306122449
2 0.3227040816326531 0.7372448979591837 0.35459183673469385 0.2193877551020408
2 0.34566326530612246 0.9119897959183674 0.22704081632653061 0.1760204081632653
0 0.22831632653061223 0.9247448979591837 0.2780612244897959 0.15051020408163265
2 0.5701530612244898 0.7920918367346939 0.14030612244897958 0.21683673469387754
2 0.9183673469387755 0.7219387755102041 0.16326530612244897 0.18877551020408162
0 0.7308673469387755 0.9145408163265306 0.461734693877551 0.17091836734693877