2 0.22435897435897437 0.07692307692307693 0.44871794871794873 0.15384615384615385
2 0.27307692307692305 0.4794871794871795 0.5461538461538461 0.29743589743589743
0 0.5358974358974359 0.44487179487179485 0.06666666666666667 0.35128205128205126
2 0.782051282051282 0.21025641025641026 0.4256410256410256 0.4205128205128205
2 0.7384615384615385 0.514102564102564 0.3384615384615385 0.2282051282051282
2 0.1294871794871795 0.808974358974359 0.258974358974359 0.36153846153846153
2 0.37948717948717947 0.7576923076923077 0.37948717948717947 0.258974358974359
0 0.41923076923076924 0.8974358974358975 0.3 0.20512820512820512
2 0.6871794871794872 0.7987179487179488 0.2358974358974359 0.34102564102564104
2 0.7102564102564103 0.908974358974359 0.28205128205128205 0.18205128205128204
2 0.9025641025641026 0.8871794871794871 0.19487179487179487 0.22564102564102564