2 0.2512755102040816 0.28188775510204084 0.5025510204081632 0.41581632653061223
0 0.3022959183673469 0.3852040816326531 0.3647959183673469 0.20918367346938777
0 0.5459183673469388 0.25510204081632654 0.22448979591836735 0.46938775510204084
2 0.5701530612244898 0.3392857142857143 0.1760204081632653 0.3010204081632653
2 0.8290816326530612 0.29464285714285715 0.34183673469387754 0.3903061224489796
0 0.8290816326530612 0.17346938775510204 0.34183673469387754 0.3469387755102041
2 0.04846938775510204 0.6058673469387755 0.09693877551020408 0.18112244897959184
0 0.12627551020408162 0.5829081632653061 0.25255102040816324 0.18622448979591838
0 0.07908163265306123 0.8125 0.15816326530612246 0.375
2 0.26785714285714285 0.5625 0.12755102040816327 0.14540816326530612
0 0.5688775510204082 0.6785714285714286 0.17857142857142858 0.37755102040816324
0 0.3852040816326531 0.8622448979591837 0.5459183673469388 0.2755102040816326
0 0.8290816326530612 0.6352040816326531 0.34183673469387754 0.29081632653061223
2 0.8048469387755102 0.5408163265306123 0.2423469387755102 0.10204081632653061
2 0.8099489795918368 0.8201530612244898 0.30357142857142855 0.3596938775510204