2 0.19174757281553398 0.12864077669902912 0.38349514563106796 0.25728155339805825
0 0.18325242718446602 0.14563106796116504 0.36650485436893204 0.2912621359223301
2 0.15169902912621358 0.48058252427184467 0.30339805825242716 0.47572815533980584
0 0.15655339805825244 0.39563106796116504 0.3131067961165049 0.441747572815534
2 0.3191747572815534 0.4684466019417476 0.20145631067961164 0.5
2 0.8446601941747572 0.10679611650485436 0.1553398058252427 0.21359223300970873
2 0.6298543689320388 0.5691747572815534 0.4199029126213592 0.29854368932038833
2 0.683252427184466 0.3592233009708738 0.39805825242718446 0.3592233009708738
0 0.9429611650485437 0.1395631067961165 0.11407766990291263 0.279126213592233
2 0.8822815533980582 0.5679611650485437 0.2354368932038835 0.30097087378640774
0 0.912621359223301 0.40898058252427183 0.17475728155339806 0.4684466019417476
0 0.08373786407766991 0.8798543689320388 0.16747572815533981 0.24029126213592233
2 0.125 0.7985436893203883 0.15776699029126215 0.16019417475728157
0 0.25606796116504854 0.8592233009708737 0.3276699029126214 0.2815533980582524
2 0.5206310679611651 0.866504854368932 0.20145631067961164 0.2669902912621359
0 0.5206310679611651 0.8604368932038835 0.20145631067961164 0.279126213592233
0 0.8106796116504854 0.7949029126213593 0.3786407766990291 0.1529126213592233
2 0.9320388349514563 0.8932038834951457 0.13592233009708737 0.21359223300970873
0 0.7779126213592233 0.8980582524271845 0.4441747572815534 0.20388349514563106