2 0.05798969072164949 0.12886597938144329 0.11597938144329897 0.25773195876288657
0 0.03865979381443299 0.27835051546391754 0.07731958762886598 0.28350515463917525
0 0.3943298969072165 0.13015463917525774 0.211340206185567 0.2603092783505155
2 0.25 0.41881443298969073 0.5 0.33762886597938147
0 0.4652061855670103 0.31056701030927836 0.06958762886597938 0.3118556701030928
0 0.6172680412371134 0.29381443298969073 0.2345360824742268 0.5876288659793815
2 0.8801546391752577 0.25644329896907214 0.23969072164948454 0.5128865979381443
2 0.32087628865979384 0.7061855670103093 0.3582474226804124 0.23711340206185566
2 0.20231958762886598 0.9072164948453608 0.40463917525773196 0.18556701030927836
2 0.4007731958762887 0.8466494845360825 0.19845360824742267 0.30670103092783507
0 0.5734536082474226 0.6701030927835051 0.14690721649484537 0.16494845360824742
0 0.6430412371134021 0.895618556701031 0.2551546391752577 0.20876288659793815
2 0.7976804123711341 0.904639175257732 0.40463917525773196 0.19072164948453607