0 0.045572916666666664 0.3893229166666667 0.09114583333333333 0.3671875
2 0.19661458333333334 0.3567708333333333 0.18229166666666666 0.2578125
0 0.4361979166666667 0.4427083333333333 0.23697916666666666 0.234375
2 0.4830729166666667 0.4856770833333333 0.2942708333333333 0.2838541666666667
0 0.4752604166666667 0.4700520833333333 0.3151041666666667 0.3151041666666667
2 0.7864583333333334 0.4778645833333333 0.4270833333333333 0.2994791666666667
0 0.8606770833333334 0.13151041666666666 0.2786458333333333 0.2630208333333333
0 0.8489583333333334 0.0546875 0.3020833333333333 0.109375
0 0.7174479166666666 0.16927083333333334 0.1640625 0.3385416666666667
0 0.15885416666666666 0.8138020833333334 0.3177083333333333 0.3723958333333333
0 0.4127604166666667 0.7682291666666666 0.19010416666666666 0.28125
2 0.7135416666666666 0.9348958333333334 0.5729166666666666 0.13020833333333334
2 0.72265625 0.7747395833333334 0.5546875 0.2942708333333333