0 0.4948453608247423 0.07860824742268041 0.12886597938144329 0.15721649484536082
2 0.49226804123711343 0.22551546391752578 0.13402061855670103 0.12628865979381443
2 0.5141752577319587 0.35051546391752575 0.09020618556701031 0.17525773195876287
2 0.23324742268041238 0.35309278350515466 0.43041237113402064 0.17010309278350516
0 0.10309278350515463 0.29510309278350516 0.20618556701030927 0.2860824742268041
2 0.7177835051546392 0.1018041237113402 0.3170103092783505 0.2036082474226804
2 0.8389175257731959 0.3427835051546392 0.32216494845360827 0.19072164948453607
2 0.6881443298969072 0.2757731958762887 0.25773195876288657 0.3247422680412371
0 0.5244845360824743 0.770618556701031 0.06958762886597938 0.2422680412371134
0 0.44329896907216493 0.6507731958762887 0.23195876288659795 0.4252577319587629
2 0.20489690721649484 0.5283505154639175 0.2809278350515464 0.18041237113402062
2 0.2667525773195876 0.8762886597938144 0.5335051546391752 0.24742268041237114
2 0.7860824742268041 0.5128865979381443 0.42783505154639173 0.14948453608247422
2 0.7860824742268041 0.7461340206185567 0.42783505154639173 0.5077319587628866