0 0.23684210526315788 0.3381578947368421 0.47368421052631576 0.28157894736842104
2 0.2513157894736842 0.25263157894736843 0.5026315789473684 0.4052631578947368
0 0.5131578947368421 0.16447368421052633 0.15263157894736842 0.32894736842105265
2 0.7355263157894737 0.4855263157894737 0.29210526315789476 0.16578947368421051
2 0.7276315789473684 0.4144736842105263 0.27631578947368424 0.3078947368421053
0 0.8973684210526316 0.3171052631578947 0.20526315789473684 0.5026315789473684
0 0.8513157894736842 0.1 0.29736842105263156 0.2
0 0.14736842105263157 0.8894736842105263 0.29473684210526313 0.22105263157894736
0 0.14342105263157895 0.8894736842105263 0.2868421052631579 0.22105263157894736
2 0.3881578947368421 0.8302631578947368 0.4026315789473684 0.3394736842105263
0 0.33157894736842103 0.6763157894736842 0.5157894736842106 0.21578947368421053
2 0.7947368421052632 0.8526315789473684 0.4105263157894737 0.29473684210526313
2 0.7947368421052632 0.7144736842105263 0.4105263157894737 0.29210526315789476