2 0.22435897435897437 0.2692307692307692 0.44871794871794873 0.5384615384615384
2 0.04358974358974359 0.3269230769230769 0.08717948717948718 0.4230769230769231
2 0.7923076923076923 0.020512820512820513 0.29743589743589743 0.041025641025641026
2 0.7961538461538461 0.4282051282051282 0.4076923076923077 0.2205128205128205
2 0.5230769230769231 0.17435897435897435 0.14871794871794872 0.3487179487179487
2 0.517948717948718 0.4461538461538462 0.13846153846153847 0.18461538461538463
0 0.5282051282051282 0.38076923076923075 0.15897435897435896 0.2846153846153846
2 0.24358974358974358 0.6487179487179487 0.41025641025641024 0.2205128205128205
2 0.2717948717948718 0.8064102564102564 0.35384615384615387 0.3871794871794872
2 0.07435897435897436 0.8794871794871795 0.14871794871794872 0.24102564102564103
0 0.6141025641025641 0.6115384615384616 0.33076923076923076 0.14615384615384616
0 0.6794871794871795 0.7692307692307693 0.46153846153846156 0.46153846153846156
0 0.8448717948717949 0.7525641025641026 0.31025641025641026 0.4282051282051282