2 0.13480392156862744 0.13357843137254902 0.2696078431372549 0.26715686274509803
2 0.11274509803921569 0.34558823529411764 0.22549019607843138 0.10784313725490197
2 0.43014705882352944 0.05269607843137255 0.25735294117647056 0.1053921568627451
0 0.5784313725490197 0.11764705882352941 0.28921568627450983 0.20833333333333334
2 0.46568627450980393 0.2806372549019608 0.39215686274509803 0.23774509803921567
2 0.8321078431372549 0.1642156862745098 0.33578431372549017 0.3284313725490196
2 0.7659313725490197 0.3112745098039216 0.4681372549019608 0.17647058823529413
0 0.09313725490196079 0.48651960784313725 0.18627450980392157 0.17401960784313725
2 0.13480392156862744 0.9240196078431373 0.2696078431372549 0.15196078431372548
2 0.39950980392156865 0.8725490196078431 0.25980392156862747 0.2549019607843137
2 0.758578431372549 0.6838235294117647 0.48284313725490197 0.5686274509803921