2 0.15298507462686567 0.19402985074626866 0.30597014925373134 0.3880597014925373
0 0.8121890547263682 0.07462686567164178 0.2263681592039801 0.14925373134328357
0 0.6567164179104478 0.14925373134328357 0.21393034825870647 0.29850746268656714
2 0.28233830845771146 0.818407960199005 0.5348258706467661 0.36318407960199006
2 0.4601990049751244 0.5199004975124378 0.1791044776119403 0.263681592039801
0 0.35199004975124376 0.5323383084577115 0.39552238805970147 0.2885572139303483
2 0.8818407960199005 0.9291044776119403 0.236318407960199 0.1417910447761194
2 0.8383084577114428 0.5597014925373134 0.32338308457711445 0.34328358208955223
2 0.6840796019900498 0.8644278606965174 0.26865671641791045 0.27114427860696516
2 0.6480099502487562 0.5659203980099502 0.1865671641791045 0.35572139303482586
0 0.6455223880597015 0.6156716417910447 0.19154228855721392 0.30597014925373134