2 0.30303030303030304 0.09090909090909091 0.6060606060606061 0.18181818181818182
2 0.5063131313131313 0.32575757575757575 0.24494949494949494 0.2878787878787879
2 0.1919191919191919 0.20959595959595959 0.3838383838383838 0.3282828282828283
2 0.8143939393939394 0.23484848484848486 0.3712121212121212 0.4696969696969697
0 0.3409090909090909 0.7348484848484849 0.5757575757575758 0.5303030303030303
2 0.5138888888888888 0.7664141414141414 0.2297979797979798 0.4671717171717172
0 0.08838383838383838 0.7424242424242424 0.17676767676767677 0.40404040404040403
0 0.9381313131313131 0.5202020202020202 0.12373737373737374 0.10101010101010101
2 0.8560606060606061 0.5631313131313131 0.18686868686868688 0.18686868686868688
2 0.9002525252525253 0.7613636363636364 0.1994949494949495 0.38636363636363635
2 0.773989898989899 0.9646464646464646 0.12878787878787878 0.0707070707070707
2 0.7184343434343434 0.9861111111111112 0.17424242424242425 0.027777777777777776