0 0.44527363184079605 0.07213930348258707 0.3482587064676617 0.14427860696517414
2 0.5236318407960199 0.43283582089552236 0.19154228855721392 0.15422885572139303
2 0.5323383084577115 0.47388059701492535 0.17412935323383086 0.07213930348258707
2 0.0845771144278607 0.16293532338308458 0.1691542288557214 0.2810945273631841
0 0.8818407960199005 0.05099502487562189 0.236318407960199 0.10199004975124377
2 0.9266169154228856 0.376865671641791 0.14676616915422885 0.26616915422885573
0 0.7164179104477612 0.12686567164179105 0.19402985074626866 0.2537313432835821
0 0.44527363184079605 0.6629353233830846 0.30597014925373134 0.18159203980099503
2 0.4116915422885572 0.6194029850746269 0.31592039800995025 0.21890547263681592
0 0.4639303482587065 0.8171641791044776 0.31094527363184077 0.3656716417910448
0 0.10945273631840796 0.7674129353233831 0.21890547263681592 0.17164179104477612
2 0.03233830845771144 0.599502487562189 0.06467661691542288 0.14925373134328357
2 0.1828358208955224 0.8781094527363185 0.3656716417910448 0.24378109452736318
0 0.8296019900497512 0.7400497512437811 0.3407960199004975 0.27114427860696516
2 0.8171641791044776 0.9266169154228856 0.3656716417910448 0.14676616915422885