2 0.18596059113300492 0.1477832512315271 0.37192118226600984 0.2955665024630542
0 0.2623152709359606 0.13669950738916256 0.2881773399014778 0.2733990147783251
2 0.18596059113300492 0.43349753694581283 0.3275862068965517 0.3497536945812808
0 0.4002463054187192 0.43103448275862066 0.19950738916256158 0.35467980295566504
0 0.5738916256157636 0.1724137931034483 0.1477832512315271 0.3448275862068966
0 0.875615763546798 0.18226600985221675 0.24876847290640394 0.3645320197044335
0 0.8497536945812808 0.5603448275862069 0.30049261083743845 0.0960591133004926
2 0.35714285714285715 0.8201970443349754 0.2857142857142857 0.35960591133004927
2 0.7413793103448276 0.6933497536945813 0.22167487684729065 0.16995073891625614
2 0.6330049261083743 0.7204433497536946 0.1477832512315271 0.22413793103448276
2 0.5800492610837439 0.6687192118226601 0.07142857142857142 0.1206896551724138
0 0.5640394088669951 0.8263546798029556 0.12807881773399016 0.3472906403940887