0 0.05845771144278607 0.4191542288557214 0.11691542288557213 0.36069651741293535
2 0.22263681592039802 0.31840796019900497 0.39054726368159204 0.5970149253731343
2 0.5373134328358209 0.291044776119403 0.23880597014925373 0.26865671641791045
0 0.7263681592039801 0.2885572139303483 0.2960199004975124 0.15920398009950248
2 0.667910447761194 0.4614427860696517 0.5 0.31592039800995025
0 0.8830845771144279 0.1517412935323383 0.23383084577114427 0.3034825870646766
0 0.9303482587064676 0.4054726368159204 0.13930348258706468 0.42786069651741293
0 0.16293532338308458 0.7910447761194029 0.32587064676616917 0.34328358208955223
2 0.1654228855721393 0.8059701492537313 0.3308457711442786 0.373134328358209
0 0.208955223880597 0.9465174129353234 0.417910447761194 0.10696517412935323
0 0.3370646766169154 0.7574626865671642 0.16169154228855723 0.27611940298507465
0 0.513681592039801 0.746268656716418 0.19154228855721392 0.2537313432835821
0 0.8196517412935324 0.9191542288557214 0.36069651741293535 0.16169154228855723