0 0.6878048780487804 0.424390243902439 0.06341463414634146 0.28292682926829266
2 0.5317073170731708 0.4975609756097561 0.32195121951219513 0.18048780487804877
0 0.5560975609756098 0.1597560975609756 0.32682926829268294 0.3195121951219512
2 0.11585365853658537 0.30609756097560975 0.23170731707317074 0.524390243902439
0 0.24024390243902438 0.02804878048780488 0.44146341463414634 0.05609756097560976
0 0.9341463414634147 0.24390243902439024 0.13170731707317074 0.2634146341463415
0 0.5304878048780488 0.9121951219512195 0.3780487804878049 0.17560975609756097
2 0.5097560975609756 0.9548780487804878 0.4195121951219512 0.09024390243902439
2 0.5646341463414634 0.7353658536585366 0.3097560975609756 0.2951219512195122
0 0.1975609756097561 0.8292682926829268 0.3951219512195122 0.34146341463414637
0 0.2731707317073171 0.6743902439024391 0.32682926829268294 0.17317073170731706
2 0.21341463414634146 0.6487804878048781 0.4268292682926829 0.12195121951219512
2 0.8475609756097561 0.7939024390243903 0.25609756097560976 0.4121951219512195