2 0.2238219895287958 0.15575916230366493 0.4162303664921466 0.20680628272251309
0 0.25523560209424084 0.12827225130890052 0.40575916230366493 0.25654450261780104
2 0.2081151832460733 0.3900523560209424 0.4162303664921466 0.3769633507853403
2 0.5863874345549738 0.18324607329842932 0.38219895287958117 0.36649214659685864
0 0.5445026178010471 0.36780104712041883 0.33507853403141363 0.2198952879581152
2 0.6112565445026178 0.5170157068062827 0.3324607329842932 0.12303664921465969
2 0.8887434554973822 0.18455497382198952 0.22251308900523561 0.25392670157068065
2 0.8887434554973822 0.4882198952879581 0.22251308900523561 0.1806282722513089
0 0.12041884816753927 0.7264397905759162 0.24083769633507854 0.29581151832460734
2 0.09293193717277487 0.756544502617801 0.18586387434554974 0.2931937172774869
0 0.4214659685863874 0.6976439790575916 0.24607329842931938 0.19895287958115182
2 0.8782722513089005 0.9410994764397905 0.20157068062827224 0.11780104712041885