0 0.07179487179487179 0.26282051282051283 0.14358974358974358 0.19230769230769232
2 0.09743589743589744 0.0858974358974359 0.19487179487179487 0.1717948717948718
2 0.35384615384615387 0.18076923076923077 0.23076923076923078 0.36153846153846153
2 0.5794871794871795 0.3371794871794872 0.14358974358974358 0.12564102564102564
0 0.7846153846153846 0.308974358974359 0.4307692307692308 0.18205128205128204
2 0.8166666666666667 0.2 0.36666666666666664 0.4
2 0.4256410256410256 0.6064102564102564 0.08717948717948718 0.2641025641025641
2 0.4461538461538462 0.7538461538461538 0.046153846153846156 0.18461538461538463
0 0.23461538461538461 0.6256410256410256 0.46923076923076923 0.4512820512820513
0 0.23461538461538461 0.8602564102564103 0.46923076923076923 0.2794871794871795
2 0.558974358974359 0.4846153846153846 0.1794871794871795 0.15897435897435896
0 0.6782051282051282 0.46282051282051284 0.41794871794871796 0.12564102564102564
0 0.5307692307692308 0.7692307692307693 0.12307692307692308 0.2205128205128205
0 0.8205128205128205 0.8794871794871795 0.358974358974359 0.24102564102564103