2 0.4423076923076923 0.33076923076923076 0.15128205128205127 0.36923076923076925
2 0.21025641025641026 0.367948717948718 0.4205128205128205 0.34102564102564104
2 0.7692307692307693 0.06666666666666667 0.40512820512820513 0.13333333333333333
0 0.7923076923076923 0.2743589743589744 0.4153846153846154 0.5282051282051282
0 0.2230769230769231 0.6423076923076924 0.4 0.2076923076923077
2 0.3153846153846154 0.632051282051282 0.40512820512820513 0.18717948717948718
2 0.3423076923076923 0.808974358974359 0.35128205128205126 0.382051282051282
0 0.8179487179487179 0.6666666666666666 0.3641025641025641 0.2564102564102564
0 0.6448717948717949 0.7564102564102564 0.25384615384615383 0.4358974358974359
0 0.8897435897435897 0.8743589743589744 0.2205128205128205 0.2512820512820513
0 0.5871794871794872 0.9538461538461539 0.13846153846153847 0.09230769230769231