2 0.23399014778325122 0.20689655172413793 0.46798029556650245 0.41379310344827586
0 0.6059113300492611 0.06403940886699508 0.27586206896551724 0.12807881773399016
0 0.8866995073891626 0.10714285714285714 0.22660098522167488 0.21428571428571427
0 0.6748768472906403 0.27586206896551724 0.3054187192118227 0.3448275862068966
2 0.5751231527093597 0.3583743842364532 0.21428571428571427 0.17980295566502463
0 0.8263546798029556 0.29433497536945813 0.3472906403940887 0.3078817733990148
2 0.05295566502463054 0.6194581280788177 0.10591133004926108 0.34236453201970446
0 0.23399014778325122 0.7007389162561576 0.46798029556650245 0.49014778325123154
2 0.23399014778325122 0.8891625615763546 0.46798029556650245 0.22167487684729065
2 0.1145320197044335 0.8916256157635468 0.229064039408867 0.21674876847290642
0 0.6945812807881774 0.6157635467980296 0.3793103448275862 0.33004926108374383
2 0.5751231527093597 0.5923645320197044 0.21428571428571427 0.2881773399014778
0 0.9556650246305419 0.6576354679802956 0.08866995073891626 0.4187192118226601
0 0.812807881773399 0.8780788177339901 0.3054187192118227 0.2438423645320197