0 0.04064039408866995 0.1958128078817734 0.0812807881773399 0.3916256157635468
2 0.2561576354679803 0.22413793103448276 0.14285714285714285 0.42857142857142855
0 0.4642857142857143 0.07019704433497537 0.2733990147783251 0.14039408866995073
2 0.8411330049261084 0.11576354679802955 0.31773399014778325 0.2315270935960591
2 0.4839901477832512 0.25985221674876846 0.312807881773399 0.35714285714285715
2 0.9261083743842364 0.39408866995073893 0.1477832512315271 0.08866995073891626
2 0.7770935960591133 0.39285714285714285 0.3226600985221675 0.09113300492610837
2 0.3017241379310345 0.6059113300492611 0.05172413793103448 0.3251231527093596
0 0.1933497536945813 0.603448275862069 0.2684729064039409 0.33004926108374383
0 0.04556650246305419 0.8645320197044335 0.09113300492610837 0.270935960591133
2 0.6083743842364532 0.645320197044335 0.41379310344827586 0.41379310344827586
0 0.5061576354679803 0.8238916256157636 0.2832512315270936 0.29064039408866993
0 0.37561576354679804 0.9593596059113301 0.0960591133004926 0.0812807881773399
2 0.48891625615763545 0.9692118226600985 0.1748768472906404 0.06157635467980296