2 0.13693467336683418 0.20728643216080403 0.27386934673366836 0.15326633165829145
2 0.4484924623115578 0.19974874371859297 0.17839195979899497 0.39949748743718594
2 0.7688442211055276 0.1934673366834171 0.4623115577889447 0.38190954773869346
0 0.8153266331658291 0.09296482412060302 0.3693467336683417 0.18592964824120603
2 0.7688442211055276 0.3417085427135678 0.4623115577889447 0.11557788944723618
2 0.12185929648241206 0.5917085427135679 0.24371859296482412 0.3341708542713568
0 0.1092964824120603 0.8228643216080402 0.2185929648241206 0.3542713567839196
0 0.3530150753768844 0.8793969849246231 0.3693467336683417 0.24120603015075376
2 0.3957286432160804 0.9560301507537688 0.28391959798994976 0.08793969849246232
0 0.7688442211055276 0.6067839195979899 0.4623115577889447 0.41457286432160806
0 0.7688442211055276 0.8442211055276382 0.4623115577889447 0.31155778894472363