2 0.41881443298969073 0.297680412371134 0.23969072164948454 0.3634020618556701
0 0.2693298969072165 0.27835051546391754 0.538659793814433 0.5103092783505154
2 0.2693298969072165 0.6224226804123711 0.538659793814433 0.3943298969072165
2 0.8711340206185567 0.19845360824742267 0.25773195876288657 0.37628865979381443
2 0.8788659793814433 0.5811855670103093 0.2422680412371134 0.2963917525773196
2 0.6623711340206185 0.23195876288659795 0.24742268041237114 0.36082474226804123
2 0.6623711340206185 0.3634020618556701 0.24742268041237114 0.30927835051546393
2 0.6211340206185567 0.6507731958762887 0.16494845360824742 0.33762886597938147
2 0.6932989690721649 0.6404639175257731 0.23711340206185566 0.3582474226804124
0 0.40335051546391754 0.9097938144329897 0.2706185567010309 0.18041237113402062
0 0.40463917525773196 0.9097938144329897 0.26804123711340205 0.18041237113402062
2 0.16494845360824742 0.9097938144329897 0.32989690721649484 0.18041237113402062
0 0.7693298969072165 0.9097938144329897 0.46134020618556704 0.18041237113402062