2 0.511968085106383 0.16090425531914893 0.125 0.32180851063829785
2 0.785904255319149 0.47074468085106386 0.42819148936170215 0.2978723404255319
2 0.8577127659574468 0.02526595744680851 0.2845744680851064 0.05053191489361702
2 0.8803191489361702 0.1529255319148936 0.2393617021276596 0.3058510638297872
0 0.05851063829787234 0.8098404255319149 0.11702127659574468 0.3803191489361702
2 0.35106382978723405 0.8098404255319149 0.19680851063829788 0.3803191489361702
2 0.625 0.9587765957446809 0.35106382978723405 0.08244680851063829
0 0.6289893617021277 0.9587765957446809 0.35904255319148937 0.08244680851063829
2 0.6223404255319149 0.7646276595744681 0.34574468085106386 0.2898936170212766
0 0.8936170212765957 0.8218085106382979 0.2127659574468085 0.18085106382978725
2 0.9361702127659575 0.6688829787234043 0.1276595744680851 0.09840425531914894