2 0.2731707317073171 0.07439024390243902 0.37073170731707317 0.14878048780487804
0 0.17804878048780487 0.09146341463414634 0.35609756097560974 0.18292682926829268
0 0.22926829268292684 0.25853658536585367 0.4585365853658537 0.43902439024390244
2 0.7292682926829268 0.2146341463414634 0.5414634146341464 0.4292682926829268
2 0.7317073170731707 0.3926829268292683 0.5365853658536586 0.17073170731707318
0 0.3902439024390244 0.6634146341463415 0.13658536585365855 0.34146341463414637
2 0.40487804878048783 0.8621951219512195 0.1073170731707317 0.14390243902439023
0 0.36341463414634145 0.9134146341463415 0.17073170731707318 0.17317073170731706
0 0.11707317073170732 0.9390243902439024 0.23414634146341465 0.12195121951219512
0 0.7719512195121951 0.7378048780487805 0.4560975609756098 0.5195121951219512
2 0.8841463414634146 0.7219512195121951 0.23170731707317074 0.4878048780487805
0 0.4841463414634146 0.7792682926829269 0.05121951219512195 0.36341463414634145