2 0.15979381443298968 0.20231958762886598 0.31958762886597936 0.40463917525773196
0 0.32087628865979384 0.49742268041237114 0.3943298969072165 0.20103092783505155
2 0.39948453608247425 0.36726804123711343 0.23711340206185566 0.2912371134020619
0 0.3801546391752577 0.2190721649484536 0.2757731958762887 0.4381443298969072
2 0.5515463917525774 0.28865979381443296 0.06701030927835051 0.12371134020618557
2 0.7164948453608248 0.17268041237113402 0.39690721649484534 0.34536082474226804
2 0.854381443298969 0.538659793814433 0.07474226804123711 0.11855670103092783
0 0.22036082474226804 0.7036082474226805 0.44072164948453607 0.211340206185567
0 0.4587628865979381 0.6932989690721649 0.11855670103092783 0.19072164948453607
2 0.5798969072164949 0.8685567010309279 0.12371134020618557 0.26288659793814434
0 0.7422680412371134 0.7809278350515464 0.4484536082474227 0.36597938144329895
2 0.759020618556701 0.6739690721649485 0.48195876288659795 0.15206185567010308