0 0.14192708333333334 0.1796875 0.2838541666666667 0.359375
2 0.2109375 0.4114583333333333 0.421875 0.375
0 0.4986979166666667 0.17447916666666666 0.2578125 0.3489583333333333
2 0.53125 0.4427083333333333 0.19270833333333334 0.3125
2 0.8736979166666666 0.296875 0.2526041666666667 0.2604166666666667
0 0.8841145833333334 0.453125 0.23177083333333334 0.2760416666666667
2 0.83984375 0.08854166666666667 0.3203125 0.17708333333333334
0 0.3138020833333333 0.7994791666666666 0.6276041666666666 0.4010416666666667
2 0.4739583333333333 0.69140625 0.3072916666666667 0.18489583333333334
0 0.7057291666666666 0.859375 0.15625 0.28125
0 0.8489583333333334 0.8046875 0.3020833333333333 0.390625