0 0.2660098522167488 0.3768472906403941 0.5320197044334976 0.14285714285714285
2 0.2512315270935961 0.21674876847290642 0.5024630541871922 0.43349753694581283
0 0.8842364532019704 0.0480295566502463 0.2315270935960591 0.0960591133004926
2 0.9039408866995073 0.3830049261083744 0.12807881773399016 0.13054187192118227
0 0.7389162561576355 0.3669950738916256 0.32019704433497537 0.1625615763546798
0 0.47167487684729065 0.7635467980295566 0.21428571428571427 0.4729064039408867
2 0.1330049261083744 0.8017241379310345 0.2660098522167488 0.39655172413793105
0 0.14901477832512317 0.7278325123152709 0.29802955665024633 0.29802955665024633
2 0.8768472906403941 0.5714285714285714 0.24630541871921183 0.24630541871921183
0 0.8830049261083743 0.6810344827586207 0.23399014778325122 0.3472906403940887
0 0.6982758620689655 0.7549261083743842 0.23891625615763548 0.4605911330049261