0 0.2647058823529412 0.40641711229946526 0.20855614973262032 0.28342245989304815
0 0.18449197860962566 0.12834224598930483 0.3689839572192513 0.25668449197860965
0 0.38636363636363635 0.26336898395721925 0.034759358288770054 0.16310160427807488
2 0.45588235294117646 0.4572192513368984 0.17379679144385027 0.18181818181818182
0 0.4532085561497326 0.31283422459893045 0.16844919786096257 0.19786096256684493
2 0.5668449197860963 0.0748663101604278 0.39572192513368987 0.1497326203208556
2 0.8743315508021391 0.26871657754010697 0.25133689839572193 0.5374331550802139
0 0.1858288770053476 0.7700534759358288 0.3663101604278075 0.44385026737967914
0 0.5187165775401069 0.6443850267379679 0.2994652406417112 0.1925133689839572
2 0.5427807486631016 0.7553475935828877 0.34759358288770054 0.4144385026737968
0 0.8622994652406417 0.8796791443850267 0.27540106951871657 0.24064171122994651