2 0.06403940886699508 0.02586206896551724 0.10837438423645321 0.05172413793103448
2 0.17980295566502463 0.23522167487684728 0.35960591133004927 0.4064039408866995
0 0.6428571428571429 0.18596059113300492 0.5517241379310345 0.37192118226600984
2 0.853448275862069 0.14532019704433496 0.29310344827586204 0.29064039408866993
0 0.4248768472906404 0.21921182266009853 0.13054187192118227 0.43842364532019706
0 0.8435960591133005 0.33251231527093594 0.312807881773399 0.21182266009852216
0 0.07635467980295567 0.562807881773399 0.15270935960591134 0.24876847290640394
0 0.3066502463054187 0.6342364532019704 0.10591133004926108 0.17980295566502463
2 0.13916256157635468 0.7955665024630542 0.27832512315270935 0.4088669950738916
0 0.8928571428571429 0.6551724137931034 0.21428571428571427 0.43349753694581283
0 0.4766009852216749 0.7192118226600985 0.23399014778325122 0.5615763546798029
0 0.812807881773399 0.9125615763546798 0.37438423645320196 0.1748768472906404