2 0.12944162436548223 0.06598984771573604 0.25888324873096447 0.1319796954314721
0 0.1383248730964467 0.4352791878172589 0.2766497461928934 0.22588832487309646
0 0.3286802030456853 0.20939086294416243 0.17766497461928935 0.1218274111675127
2 0.3680203045685279 0.45558375634517767 0.29949238578680204 0.18527918781725888
2 0.5939086294416244 0.07614213197969544 0.15228426395939088 0.15228426395939088
0 0.600253807106599 0.15862944162436549 0.1649746192893401 0.31725888324873097
0 0.8248730964467005 0.2626903553299492 0.350253807106599 0.21573604060913706
2 0.8299492385786802 0.4365482233502538 0.3401015228426396 0.2233502538071066
2 0.13071065989847716 0.9238578680203046 0.2614213197969543 0.15228426395939088
0 0.3616751269035533 0.7766497461928934 0.31218274111675126 0.4467005076142132
0 0.6763959390862944 0.6091370558375635 0.31218274111675126 0.1218274111675127
2 0.6763959390862944 0.9593908629441624 0.31725888324873097 0.08121827411167512
0 0.6763959390862944 0.8781725888324873 0.31725888324873097 0.2436548223350254
0 0.9010152284263959 0.7119289340101523 0.19796954314720813 0.23604060913705585
0 0.8934010152284264 0.8972081218274112 0.2131979695431472 0.20558375634517767