2 0.4186893203883495 0.5230582524271845 0.1820388349514563 0.13349514563106796
0 0.39684466019417475 0.4344660194174757 0.22572815533980584 0.3106796116504854
0 0.13349514563106796 0.13713592233009708 0.2669902912621359 0.27427184466019416
2 0.9720873786407767 0.3300970873786408 0.055825242718446605 0.13106796116504854
0 0.837378640776699 0.4538834951456311 0.3058252427184466 0.27184466019417475
2 0.7949029126213593 0.07645631067961164 0.41019417475728154 0.1529126213592233
0 0.616504854368932 0.47694174757281554 0.21359223300970873 0.22572815533980584
0 0.4575242718446602 0.7924757281553398 0.10436893203883495 0.4053398058252427
2 0.22815533980582525 0.8191747572815534 0.4563106796116505 0.3616504854368932
2 0.27548543689320387 0.6516990291262136 0.3325242718446602 0.12378640776699029
2 0.8531553398058253 0.8640776699029126 0.2936893203883495 0.22330097087378642