2 0.16176470588235295 0.3315508021390374 0.3235294117647059 0.0748663101604278
2 0.17245989304812834 0.18449197860962566 0.3449197860962567 0.3689839572192513
2 0.5026737967914439 0.1751336898395722 0.35294117647058826 0.3502673796791444
2 0.8368983957219251 0.08021390374331551 0.3155080213903743 0.16042780748663102
0 0.839572192513369 0.14171122994652408 0.32085561497326204 0.28342245989304815
2 0.1657754010695187 0.7713903743315508 0.3315508021390374 0.4572192513368984
2 0.4157754010695187 0.45588235294117646 0.516042780748663 0.17379679144385027
2 0.44786096256684493 0.7219251336898396 0.4625668449197861 0.5561497326203209
0 0.7526737967914439 0.5307486631016043 0.14705882352941177 0.3235294117647059
0 0.8048128342245989 0.8689839572192514 0.25133689839572193 0.2620320855614973
0 0.9144385026737968 0.7927807486631016 0.1711229946524064 0.4144385026737968
2 0.9064171122994652 0.6270053475935828 0.18716577540106952 0.3181818181818182