2 0.02030456852791878 0.08375634517766498 0.04060913705583756 0.16751269035532995
0 0.2182741116751269 0.18401015228426396 0.4213197969543147 0.3680203045685279
0 0.6357868020304569 0.20812182741116753 0.4137055837563452 0.3197969543147208
0 0.8654822335025381 0.20304568527918782 0.2639593908629442 0.3299492385786802
0 0.03426395939086294 0.5571065989847716 0.06852791878172589 0.18527918781725888
2 0.3299492385786802 0.4847715736040609 0.19796954314720813 0.233502538071066
2 0.14974619289340102 0.8692893401015228 0.2233502538071066 0.233502538071066
0 0.4720812182741117 0.751269035532995 0.08629441624365482 0.3248730964467005
0 0.8312182741116751 0.4631979695431472 0.33756345177664976 0.19035532994923857
0 0.5583756345177665 0.9137055837563451 0.25888324873096447 0.17258883248730963
2 0.8439086294416244 0.8845177664974619 0.31218274111675126 0.23096446700507614