2 0.2722772277227723 0.20544554455445543 0.4306930693069307 0.26732673267326734
2 0.8650990099009901 0.050742574257425746 0.2698019801980198 0.10148514851485149
0 0.8626237623762376 0.20544554455445543 0.2747524752475248 0.26732673267326734
0 0.6324257425742574 0.1943069306930693 0.2896039603960396 0.2896039603960396
0 0.3527227722772277 0.9492574257425742 0.2698019801980198 0.10148514851485149
2 0.11262376237623763 0.7363861386138614 0.22524752475247525 0.5272277227722773
0 0.6881188118811881 0.5160891089108911 0.15594059405940594 0.34405940594059403
2 0.8787128712871287 0.5668316831683168 0.15099009900990099 0.25742574257425743
0 0.568069306930693 0.5099009900990099 0.1608910891089109 0.3415841584158416
2 0.5284653465346535 0.5160891089108911 0.08168316831683169 0.3292079207920792
2 0.8811881188118812 0.8898514851485149 0.2376237623762376 0.2202970297029703
2 0.6014851485148515 0.9195544554455446 0.22772277227722773 0.1608910891089109