0 0.12627551020408162 0.1798469387755102 0.25255102040816324 0.3596938775510204
0 0.25510204081632654 0.1211734693877551 0.3469387755102041 0.2423469387755102
2 0.3380102040816326 0.2653061224489796 0.18112244897959184 0.18877551020408162
0 0.33418367346938777 0.24362244897959184 0.18877551020408162 0.1760204081632653
2 0.6071428571428571 0.1798469387755102 0.35714285714285715 0.3596938775510204
0 0.7908163265306123 0.11989795918367346 0.41836734693877553 0.23979591836734693
0 0.20790816326530612 0.49107142857142855 0.41581632653061223 0.2627551020408163
2 0.28188775510204084 0.9221938775510204 0.288265306122449 0.1556122448979592
0 0.3979591836734694 0.4336734693877551 0.061224489795918366 0.14795918367346939
0 0.4961734693877551 0.4642857142857143 0.13520408163265307 0.20918367346938777
2 0.5969387755102041 0.8354591836734694 0.336734693877551 0.32908163265306123
2 0.7397959183673469 0.4451530612244898 0.5 0.17091836734693877
0 0.7806122448979592 0.7181122448979592 0.4387755102040816 0.5637755102040817