0 0.16336633663366337 0.3997524752475248 0.3118811881188119 0.2202970297029703
2 0.15965346534653466 0.15841584158415842 0.3193069306930693 0.31683168316831684
2 0.5074257425742574 0.42326732673267325 0.37623762376237624 0.17326732673267325
0 0.8415841584158416 0.46534653465346537 0.31683168316831684 0.0891089108910891
0 0.8094059405940595 0.3688118811881188 0.3811881188118812 0.28217821782178215
2 0.8032178217821783 0.2747524752475248 0.3935643564356436 0.3465346534653465
2 0.07054455445544554 0.7438118811881188 0.14108910891089108 0.24504950495049505
0 0.15965346534653466 0.8044554455445545 0.3193069306930693 0.3910891089108911
0 0.15965346534653466 0.5977722772277227 0.3193069306930693 0.17574257425742573
2 0.5977722772277227 0.7698019801980198 0.45792079207920794 0.4603960396039604
0 0.8254950495049505 0.754950495049505 0.349009900990099 0.4900990099009901