2 0.2198492462311558 0.14195979899497488 0.4396984924623116 0.28391959798994976
0 0.12185929648241206 0.2864321608040201 0.24371859296482412 0.20603015075376885
0 0.14321608040201006 0.35804020100502515 0.2864321608040201 0.18341708542713567
0 0.8153266331658291 0.13819095477386933 0.3693467336683417 0.27638190954773867
2 0.5464824120603015 0.05402010050251256 0.2135678391959799 0.10804020100502512
2 0.38944723618090454 0.6394472361809045 0.10050251256281408 0.3793969849246231
0 0.18969849246231155 0.6118090452261307 0.3793969849246231 0.3241206030150754
0 0.6331658291457286 0.5314070351758794 0.1407035175879397 0.16331658291457288
2 0.7437185929648241 0.9233668341708543 0.5125628140703518 0.15326633165829145
2 0.49874371859296485 0.7474874371859297 0.11809045226130653 0.20351758793969849
0 0.5087939698492462 0.6168341708542714 0.13819095477386933 0.3341708542713568