2 0.31965174129353235 0.31840796019900497 0.27611940298507465 0.17164179104477612
0 0.4228855721393035 0.16666666666666666 0.2537313432835821 0.3009950248756219
2 0.6218905472636815 0.23383084577114427 0.23383084577114427 0.4079601990049751
2 0.8694029850746269 0.11194029850746269 0.26119402985074625 0.22388059701492538
0 0.15671641791044777 0.5522388059701493 0.31343283582089554 0.22885572139303484
2 0.1691542288557214 0.6268656716417911 0.3383084577114428 0.3333333333333333
2 0.5074626865671642 0.7189054726368159 0.4626865671641791 0.5621890547263682
2 0.6131840796019901 0.9577114427860697 0.2512437810945274 0.0845771144278607
2 0.7947761194029851 0.7325870646766169 0.11194029850746269 0.19651741293532338
2 0.8146766169154229 0.6218905472636815 0.1517412935323383 0.14925373134328357
2 0.7599502487562189 0.5746268656716418 0.04228855721393035 0.0845771144278607
0 0.8681592039800995 0.5534825870646766 0.25870646766169153 0.23134328358208955
0 0.8743781094527363 0.9328358208955224 0.2512437810945274 0.13432835820895522