0 0.16584158415841585 0.21534653465346534 0.24752475247524752 0.19306930693069307
2 0.3774752475247525 0.1844059405940594 0.2202970297029703 0.3688118811881188
0 0.7227722772277227 0.18935643564356436 0.47029702970297027 0.3787128712871287
2 0.7103960396039604 0.28836633663366334 0.43564356435643564 0.1806930693069307
0 0.9467821782178217 0.18935643564356436 0.10643564356435643 0.3787128712871287
2 0.11757425742574257 0.9183168316831684 0.23514851485148514 0.16336633663366337
0 0.16955445544554457 0.6212871287128713 0.33910891089108913 0.2524752475247525
0 0.14975247524752475 0.9492574257425742 0.2995049504950495 0.10148514851485149
2 0.16584158415841585 0.7462871287128713 0.3316831683168317 0.37376237623762376
2 0.3849009900990099 0.7438118811881188 0.20544554455445543 0.5123762376237624
0 0.6064356435643564 0.948019801980198 0.2376237623762376 0.10396039603960396
0 0.629950495049505 0.46782178217821785 0.28465346534653463 0.1782178217821782
2 0.6856435643564357 0.5173267326732673 0.15841584158415842 0.15594059405940594
2 0.8576732673267327 0.9381188118811881 0.28465346534653463 0.12376237623762376
2 0.9133663366336634 0.48886138613861385 0.17326732673267325 0.2202970297029703
0 0.8985148514851485 0.5903465346534653 0.20297029702970298 0.33910891089108913