0 0.3421717171717172 0.13762626262626262 0.5934343434343434 0.27525252525252525
2 0.28535353535353536 0.5252525252525253 0.5707070707070707 0.2676767676767677
0 0.7904040404040404 0.16414141414141414 0.30303030303030304 0.3282828282828283
0 0.7613636363636364 0.5164141414141414 0.24494949494949494 0.28535353535353536
0 0.7449494949494949 0.63510101010101 0.21212121212121213 0.047979797979797977
0 0.9292929292929293 0.5568181818181818 0.1414141414141414 0.20454545454545456
0 0.9217171717171717 0.5656565656565656 0.15656565656565657 0.18686868686868688
2 0.08333333333333333 0.7159090909090909 0.16666666666666666 0.11363636363636363
0 0.1553030303030303 0.8295454545454546 0.3106060606060606 0.3409090909090909
0 0.4393939393939394 0.8295454545454546 0.398989898989899 0.3409090909090909
2 0.4621212121212121 0.7752525252525253 0.35353535353535354 0.23232323232323232
0 0.8068181818181818 0.8914141414141414 0.33585858585858586 0.20202020202020202
0 0.8042929292929293 0.9053030303030303 0.33080808080808083 0.1893939393939394