2 0.052763819095477386 0.10050251256281408 0.10552763819095477 0.16080402010050251
0 0.12437185929648241 0.059045226130653265 0.24874371859296482 0.11809045226130653
0 0.26884422110552764 0.2638190954773869 0.30402010050251255 0.20854271356783918
2 0.5288944723618091 0.13693467336683418 0.09798994974874371 0.18341708542713567
0 0.6105527638190955 0.2638190954773869 0.2613065326633166 0.31155778894472363
2 0.10552763819095477 0.8366834170854272 0.21105527638190955 0.32663316582914576
2 0.14195979899497488 0.5515075376884422 0.28391959798994976 0.2638190954773869
2 0.314070351758794 0.8618090452261307 0.3316582914572864 0.27638190954773867
2 0.33040201005025127 0.8115577889447236 0.2989949748743719 0.37185929648241206
2 0.35050251256281406 0.5565326633165829 0.25879396984924624 0.27386934673366836
2 0.7399497487437185 0.8919597989949749 0.5201005025125628 0.21608040201005024
2 0.8228643216080402 0.6545226130653267 0.3542713567839196 0.3492462311557789