2 0.4908854166666667 0.11067708333333333 0.2734375 0.22135416666666666
0 0.40234375 0.09114583333333333 0.1640625 0.18229166666666666
0 0.5911458333333334 0.4049479166666667 0.07291666666666667 0.19010416666666666
2 0.16927083333333334 0.3098958333333333 0.3385416666666667 0.4375
0 0.9010416666666666 0.24088541666666666 0.19791666666666666 0.4817708333333333
2 0.7278645833333334 0.21744791666666666 0.20052083333333334 0.3984375
2 0.5859375 0.7057291666666666 0.08333333333333333 0.2708333333333333
0 0.5859375 0.7239583333333334 0.08333333333333333 0.24479166666666666
2 0.4166666666666667 0.7447916666666666 0.24479166666666666 0.15885416666666666
0 0.9544270833333334 0.6341145833333334 0.09114583333333333 0.2109375
2 0.921875 0.80859375 0.15625 0.23177083333333334