2 0.1970899470899471 0.33201058201058203 0.3439153439153439 0.30952380952380953
0 0.19444444444444445 0.4695767195767196 0.3888888888888889 0.4576719576719577
0 0.8862433862433863 0.09391534391534391 0.2275132275132275 0.18783068783068782
2 0.5026455026455027 0.23412698412698413 0.2275132275132275 0.46825396825396826
2 0.8716931216931217 0.5806878306878307 0.2566137566137566 0.23544973544973544
0 0.3544973544973545 0.7883597883597884 0.06878306878306878 0.17989417989417988
2 0.15079365079365079 0.8756613756613757 0.30158730158730157 0.24867724867724866
2 0.9312169312169312 0.8492063492063492 0.13756613756613756 0.30158730158730157
0 0.6150793650793651 0.8492063492063492 0.23015873015873015 0.30158730158730157
0 0.9656084656084656 0.8492063492063492 0.06878306878306878 0.30158730158730157
2 0.7486772486772487 0.8492063492063492 0.35978835978835977 0.30158730158730157