2 0.06740196078431372 0.15441176470588236 0.13480392156862744 0.3088235294117647
0 0.05759803921568627 0.23284313725490197 0.11519607843137254 0.3333333333333333
0 0.27818627450980393 0.07107843137254902 0.34068627450980393 0.14215686274509803
2 0.7818627450980392 0.06372549019607843 0.4362745098039216 0.12745098039215685
0 0.7512254901960784 0.19975490196078433 0.49754901960784315 0.39950980392156865
0 0.20955882352941177 0.8272058823529411 0.41911764705882354 0.34558823529411764
2 0.22426470588235295 0.7573529411764706 0.4485294117647059 0.20588235294117646
2 0.22426470588235295 0.5857843137254902 0.4485294117647059 0.37254901960784315
2 0.6017156862745098 0.6004901960784313 0.22794117647058823 0.1715686274509804
0 0.5808823529411765 0.7904411764705882 0.25980392156862747 0.3333333333333333
2 0.8161764705882353 0.9350490196078431 0.36764705882352944 0.12990196078431374
2 0.8504901960784313 0.5 0.29901960784313725 0.20098039215686275