2 0.35098522167487683 0.33004926108374383 0.0960591133004926 0.31527093596059114
2 0.17980295566502463 0.24630541871921183 0.35960591133004927 0.4827586206896552
0 0.19950738916256158 0.4236453201970443 0.39901477832512317 0.12807881773399016
0 0.7512315270935961 0.4224137931034483 0.35960591133004927 0.13054187192118227
2 0.6133004926108374 0.3620689655172414 0.270935960591133 0.18719211822660098
2 0.6219211822660099 0.05172413793103448 0.4458128078817734 0.10344827586206896
0 0.2697044334975369 0.9137931034482759 0.25862068965517243 0.1724137931034483
2 0.07758620689655173 0.9458128078817734 0.15517241379310345 0.10837438423645321
0 0.9100985221674877 0.9174876847290641 0.1748768472906404 0.16502463054187191
2 0.7475369458128078 0.6133004926108374 0.49507389162561577 0.2512315270935961
0 0.5443349753694581 0.8374384236453202 0.29064039408866993 0.3251231527093596