2 0.17447916666666666 0.4205729166666667 0.3489583333333333 0.3984375
2 0.15885416666666666 0.061197916666666664 0.3177083333333333 0.12239583333333333
0 0.17447916666666666 0.13802083333333334 0.3489583333333333 0.203125
2 0.4739583333333333 0.3463541666666667 0.25 0.23958333333333334
0 0.4752604166666667 0.3958333333333333 0.2526041666666667 0.390625
2 0.765625 0.14973958333333334 0.328125 0.2994791666666667
0 0.17317708333333334 0.6783854166666666 0.1953125 0.1171875
0 0.5338541666666666 0.8580729166666666 0.3072916666666667 0.23177083333333334
2 0.6315104166666666 0.8841145833333334 0.2630208333333333 0.23177083333333334
0 0.55859375 0.8098958333333334 0.4192708333333333 0.3802083333333333
0 0.8802083333333334 0.80859375 0.23958333333333334 0.3776041666666667