2 0.06538461538461539 0.367948717948718 0.13076923076923078 0.16153846153846155
0 0.06923076923076923 0.258974358974359 0.13846153846153847 0.2205128205128205
2 0.4705128205128205 0.09358974358974359 0.4641025641025641 0.18717948717948718
2 0.44358974358974357 0.33589743589743587 0.6512820512820513 0.22564102564102564
0 0.8538461538461538 0.13974358974358975 0.16923076923076924 0.2794871794871795
2 0.8448717948717949 0.34102564102564104 0.15128205128205127 0.2153846153846154
2 0.308974358974359 0.7243589743589743 0.43846153846153846 0.15897435897435896
2 0.6461538461538462 0.6205128205128205 0.24615384615384617 0.3435897435897436
0 0.6384615384615384 0.8807692307692307 0.26153846153846155 0.23846153846153847
0 0.808974358974359 0.8333333333333334 0.07948717948717948 0.26666666666666666
2 0.8846153846153846 0.6935897435897436 0.23076923076923078 0.2743589743589744