2 0.05845771144278607 0.3358208955223881 0.11691542288557213 0.24378109452736318
0 0.20149253731343283 0.22885572139303484 0.40298507462686567 0.4577114427860697
0 0.47139303482587064 0.2997512437810945 0.35572139303482586 0.31592039800995025
2 0.5298507462686567 0.34950248756218905 0.23880597014925373 0.21641791044776118
0 0.8246268656716418 0.05099502487562189 0.35074626865671643 0.10199004975124377
2 0.7052238805970149 0.16791044776119404 0.11194029850746269 0.1517412935323383
0 0.8420398009950248 0.2574626865671642 0.31592039800995025 0.39552238805970147
2 0.1318407960199005 0.6281094527363185 0.24129353233830847 0.21641791044776118
0 0.3246268656716418 0.5733830845771144 0.6492537313432836 0.23134328358208955
0 0.31094527363184077 0.8606965174129353 0.6218905472636815 0.27860696517412936
2 0.8246268656716418 0.5584577114427861 0.35074626865671643 0.20149253731343283