0 0.19642857142857142 0.2538265306122449 0.39285714285714285 0.5076530612244898
2 0.4030612244897959 0.20790816326530612 0.3112244897959184 0.41581632653061223
2 0.6670918367346939 0.1556122448979592 0.21683673469387754 0.17857142857142858
0 0.7461734693877551 0.2780612244897959 0.375 0.37244897959183676
0 0.6964285714285714 0.07142857142857142 0.2755102040816326 0.14285714285714285
2 0.9413265306122449 0.23979591836734693 0.11734693877551021 0.19387755102040816
0 0.15051020408163265 0.9107142857142857 0.3010204081632653 0.17857142857142858
2 0.23979591836734693 0.9094387755102041 0.32142857142857145 0.18112244897959184
0 0.23214285714285715 0.9017857142857143 0.4642857142857143 0.19642857142857142
2 0.4413265306122449 0.8596938775510204 0.23469387755102042 0.28061224489795916
0 0.44005102040816324 0.6198979591836735 0.2372448979591837 0.16326530612244897
0 0.34438775510204084 0.6670918367346939 0.20918367346938777 0.2576530612244898
0 0.8176020408163265 0.9209183673469388 0.3647959183673469 0.15816326530612246
0 0.7959183673469388 0.7933673469387755 0.40816326530612246 0.3112244897959184
2 0.7946428571428571 0.6938775510204082 0.4107142857142857 0.3112244897959184