0 0.1387434554973822 0.23036649214659685 0.2774869109947644 0.4607329842931937
0 0.1387434554973822 0.4214659685863874 0.2774869109947644 0.2356020942408377
2 0.9764397905759162 0.11780104712041885 0.04712041884816754 0.19895287958115182
2 0.6400523560209425 0.40445026178010474 0.5575916230366492 0.2696335078534031
2 0.569371727748691 0.2513089005235602 0.5837696335078534 0.46596858638743455
0 0.14136125654450263 0.8206806282722513 0.27225130890052357 0.3586387434554974
0 0.7814136125654451 0.8507853403141361 0.35340314136125656 0.29581151832460734
2 0.6544502617801047 0.6400523560209425 0.38219895287958117 0.20157068062827224
2 0.6649214659685864 0.8010471204188482 0.3219895287958115 0.3795811518324607
0 0.7198952879581152 0.7696335078534031 0.5602094240837696 0.4607329842931937
2 0.42277486910994766 0.7696335078534031 0.2905759162303665 0.4607329842931937