0 0.17435897435897435 0.4564102564102564 0.3487179487179487 0.14358974358974358
2 0.17435897435897435 0.23846153846153847 0.3487179487179487 0.47692307692307695
0 0.17435897435897435 0.3076923076923077 0.3487179487179487 0.40512820512820513
2 0.8871794871794871 0.2641025641025641 0.22564102564102564 0.5282051282051282
2 0.4307692307692308 0.4461538461538462 0.1641025641025641 0.1641025641025641
0 0.47307692307692306 0.17435897435897435 0.24871794871794872 0.3282051282051282
0 0.17435897435897435 0.8948717948717949 0.3487179487179487 0.21025641025641026
2 0.17435897435897435 0.8576923076923076 0.3487179487179487 0.2846153846153846
2 0.17435897435897435 0.6923076923076923 0.3487179487179487 0.3282051282051282
0 0.7833333333333333 0.7307692307692307 0.43333333333333335 0.40512820512820513
2 0.4858974358974359 0.8384615384615385 0.2743589743589744 0.3230769230769231
0 0.5192307692307693 0.6576923076923077 0.33076923076923076 0.258974358974359