0 0.11898395721925134 0.11898395721925134 0.23796791443850268 0.23796791443850268
2 0.20053475935828877 0.45454545454545453 0.0748663101604278 0.20320855614973263
0 0.11898395721925134 0.31684491978609625 0.23796791443850268 0.3770053475935829
2 0.8409090909090909 0.18315508021390375 0.3181818181818182 0.18983957219251338
0 0.6991978609625669 0.12967914438502673 0.553475935828877 0.25935828877005346
0 0.8756684491978609 0.44786096256684493 0.24866310160427807 0.22192513368983957
0 0.3462566844919786 0.08689839572192513 0.21657754010695188 0.17379679144385027
0 0.11898395721925134 0.6550802139037433 0.23796791443850268 0.1925133689839572
0 0.14572192513368984 0.8810160427807486 0.18449197860962566 0.23796791443850268
0 0.08823529411764706 0.9358288770053476 0.17647058823529413 0.12834224598930483
0 0.7299465240641712 0.6577540106951871 0.5401069518716578 0.19786096256684493
0 0.8489304812834224 0.9157754010695187 0.30213903743315507 0.16844919786096257
0 0.8048128342245989 0.786096256684492 0.39037433155080214 0.42780748663101603