0 0.5388349514563107 0.1808252427184466 0.12135922330097088 0.3131067961165049
2 0.4817961165048544 0.1941747572815534 0.10194174757281553 0.18446601941747573
2 0.14805825242718446 0.1553398058252427 0.2961165048543689 0.3106796116504854
2 0.08737864077669903 0.3883495145631068 0.17475728155339806 0.22330097087378642
0 0.05703883495145631 0.38106796116504854 0.11407766990291263 0.23786407766990292
2 0.7997572815533981 0.14563106796116504 0.40048543689320387 0.2912621359223301
0 0.6868932038834952 0.2487864077669903 0.17475728155339806 0.4975728155339806
0 0.3604368932038835 0.75 0.3325242718446602 0.5
2 0.16019417475728157 0.8410194174757282 0.2912621359223301 0.3179611650485437
0 0.9004854368932039 0.6237864077669902 0.19902912621359223 0.24757281553398058
0 0.8725728155339806 0.8689320388349514 0.25485436893203883 0.2621359223300971
2 0.6711165048543689 0.7730582524271845 0.14320388349514562 0.23058252427184467