0 0.48412698412698413 0.43783068783068785 0.36772486772486773 0.2698412698412698
2 0.43915343915343913 0.14682539682539683 0.4021164021164021 0.29365079365079366
2 0.38227513227513227 0.3544973544973545 0.3386243386243386 0.35714285714285715
0 0.4470899470899471 0.2896825396825397 0.5026455026455027 0.5793650793650794
2 0.16005291005291006 0.24735449735449735 0.3201058201058201 0.4947089947089947
0 0.1574074074074074 0.5304232804232805 0.21957671957671956 0.09788359788359788
0 0.9232804232804233 0.1283068783068783 0.15343915343915343 0.2566137566137566
2 0.798941798941799 0.11904761904761904 0.20105820105820105 0.23809523809523808
2 0.7843915343915344 0.4312169312169312 0.17195767195767195 0.2962962962962963
2 0.6150793650793651 0.6957671957671958 0.16666666666666666 0.2328042328042328
0 0.4669312169312169 0.6812169312169312 0.32275132275132273 0.15873015873015872
2 0.4880952380952381 0.8518518518518519 0.42063492063492064 0.2962962962962963
0 0.17592592592592593 0.8108465608465608 0.35185185185185186 0.3783068783068783
0 0.8875661375661376 0.7896825396825397 0.22486772486772486 0.42063492063492064
2 0.794973544973545 0.7275132275132276 0.1931216931216931 0.2962962962962963