0 0.30614973262032086 0.08021390374331551 0.3877005347593583 0.16042780748663102
2 0.303475935828877 0.23529411764705882 0.393048128342246 0.28342245989304815
2 0.29812834224598933 0.47192513368983957 0.4037433155080214 0.2540106951871658
0 0.05614973262032086 0.4786096256684492 0.11229946524064172 0.1925133689839572
2 0.9425133689839572 0.2620320855614973 0.11497326203208556 0.15508021390374332
0 0.9411764705882353 0.13101604278074866 0.11764705882352941 0.2620320855614973
2 0.6483957219251337 0.07085561497326204 0.2967914438502674 0.14171122994652408
0 0.5588235294117647 0.2018716577540107 0.11764705882352941 0.4037433155080214
0 0.643048128342246 0.5013368983957219 0.28609625668449196 0.19518716577540107
2 0.43983957219251335 0.7994652406417112 0.12032085561497326 0.40106951871657753
2 0.20320855614973263 0.7994652406417112 0.40641711229946526 0.40106951871657753
0 0.7232620320855615 0.7994652406417112 0.446524064171123 0.40106951871657753
0 0.713903743315508 0.929144385026738 0.42780748663101603 0.14171122994652408