2 0.1745049504950495 0.2400990099009901 0.349009900990099 0.4801980198019802
0 0.22153465346534654 0.21534653465346534 0.31435643564356436 0.4306930693069307
0 0.6274752475247525 0.1188118811881188 0.18564356435643564 0.2376237623762376
0 0.6150990099009901 0.18564356435643564 0.2698019801980198 0.3712871287128713
2 0.2747524752475248 0.5086633663366337 0.3465346534653465 0.2202970297029703
0 0.5655940594059405 0.4665841584158416 0.3688118811881188 0.30445544554455445
0 0.7821782178217822 0.11633663366336634 0.06435643564356436 0.23267326732673269
2 0.8527227722772277 0.22896039603960397 0.16336633663366337 0.20297029702970298
2 0.8131188118811881 0.3886138613861386 0.12623762376237624 0.297029702970297
0 0.1646039603960396 0.8304455445544554 0.3292079207920792 0.33910891089108913
0 0.6150990099009901 0.8094059405940595 0.2698019801980198 0.3811881188118812
2 0.8032178217821783 0.8094059405940595 0.10643564356435643 0.3811881188118812
2 0.8985148514851485 0.7883663366336634 0.20297029702970298 0.33910891089108913
0 0.9121287128712872 0.7858910891089109 0.17574257425742573 0.3341584158415842