0 0.1713917525773196 0.21005154639175258 0.2345360824742268 0.42010309278350516
2 0.770618556701031 0.1559278350515464 0.3247422680412371 0.3118556701030928
0 0.5760309278350515 0.35051546391752575 0.41494845360824745 0.15463917525773196
2 0.36211340206185566 0.3904639175257732 0.14690721649484537 0.07474226804123711
0 0.2422680412371134 0.5219072164948454 0.09278350515463918 0.18814432989690721
0 0.14432989690721648 0.8337628865979382 0.28865979381443296 0.3324742268041237
2 0.15721649484536082 0.8427835051546392 0.26288659793814434 0.31443298969072164
2 0.8608247422680413 0.4793814432989691 0.27835051546391754 0.10309278350515463
0 0.9304123711340206 0.5322164948453608 0.13917525773195877 0.20876288659793815
0 0.6378865979381443 0.7538659793814433 0.5695876288659794 0.49226804123711343
2 0.8105670103092784 0.8427835051546392 0.3788659793814433 0.31443298969072164
0 0.3556701030927835 0.8067010309278351 0.13402061855670103 0.3865979381443299