2 0.12623762376237624 0.20297029702970298 0.2524752475247525 0.25742574257425743
0 0.3626237623762376 0.16212871287128713 0.31435643564356436 0.32425742574257427
0 0.3774752475247525 0.37995049504950495 0.24504950495049505 0.11633663366336634
0 0.6076732673267327 0.06806930693069307 0.17574257425742573 0.13613861386138615
2 0.8601485148514851 0.06311881188118812 0.27970297029702973 0.12623762376237624
2 0.693069306930693 0.2834158415841584 0.19801980198019803 0.3094059405940594
2 0.8725247524752475 0.28094059405940597 0.25 0.31435643564356436
0 0.09653465346534654 0.5433168316831684 0.19306930693069307 0.2103960396039604
2 0.3787128712871287 0.7561881188118812 0.2103960396039604 0.23514851485148514
2 0.5754950495049505 0.47277227722772275 0.11138613861386139 0.06930693069306931
0 0.5779702970297029 0.6435643564356436 0.11633663366336634 0.2722772277227723
2 0.9207920792079208 0.6027227722772277 0.15841584158415842 0.3292079207920792
0 0.6126237623762376 0.8873762376237624 0.18564356435643564 0.22524752475247525