0 0.31973684210526315 0.07894736842105263 0.6394736842105263 0.15789473684210525
2 0.48157894736842105 0.3894736842105263 0.3526315789473684 0.5
0 0.7368421052631579 0.42105263157894735 0.18421052631578946 0.4263157894736842
0 0.9144736842105263 0.09342105263157895 0.17105263157894737 0.1868421052631579
0 0.9144736842105263 0.25263157894736843 0.17105263157894737 0.14210526315789473
2 0.8986842105263158 0.3131578947368421 0.1394736842105263 0.14736842105263157
2 0.1513157894736842 0.8486842105263158 0.3026315789473684 0.12368421052631579
0 0.20789473684210527 0.7473684210526316 0.41578947368421054 0.21578947368421053
0 0.2 0.9513157894736842 0.4 0.09736842105263158
2 0.45789473684210524 0.7065789473684211 0.09473684210526316 0.13421052631578947
0 0.7763157894736842 0.7644736842105263 0.10526315789473684 0.25
0 0.625 0.9421052631578948 0.40789473684210525 0.11578947368421053
0 0.9342105263157895 0.7789473684210526 0.13157894736842105 0.2789473684210526
2 0.9407894736842105 0.9276315789473685 0.11842105263157894 0.14473684210526316