2 0.07539682539682539 0.4894179894179894 0.15079365079365079 0.25925925925925924
2 0.07804232804232804 0.39021164021164023 0.15608465608465608 0.23015873015873015
2 0.07804232804232804 0.07804232804232804 0.15608465608465608 0.15608465608465608
0 0.23544973544973544 0.45105820105820105 0.328042328042328 0.335978835978836
0 0.46296296296296297 0.58994708994709 0.09523809523809523 0.0582010582010582
2 0.626984126984127 0.09788359788359788 0.43386243386243384 0.19576719576719576
0 0.6283068783068783 0.09788359788359788 0.4365079365079365 0.19576719576719576
0 0.8703703703703703 0.38095238095238093 0.25925925925925924 0.47619047619047616
2 0.19973544973544974 0.8095238095238095 0.3994708994708995 0.38095238095238093
2 0.544973544973545 0.6997354497354498 0.291005291005291 0.16137566137566137
2 0.8121693121693122 0.8650793650793651 0.37566137566137564 0.2698412698412698
2 0.8465608465608465 0.75 0.30687830687830686 0.1349206349206349
0 0.843915343915344 0.7367724867724867 0.31216931216931215 0.23544973544973544