0 0.4178921568627451 0.08946078431372549 0.18382352941176472 0.17892156862745098
0 0.3137254901960784 0.0661764705882353 0.2549019607843137 0.1323529411764706
2 0.16666666666666666 0.2647058823529412 0.3333333333333333 0.5294117647058824
2 0.6397058823529411 0.049019607843137254 0.20098039215686275 0.09803921568627451
0 0.47671568627450983 0.6372549019607843 0.0661764705882353 0.21568627450980393
2 0.2549019607843137 0.6078431372549019 0.5098039215686274 0.1568627450980392
2 0.4178921568627451 0.8455882352941176 0.18382352941176472 0.3088235294117647
2 0.22303921568627452 0.7830882352941176 0.44607843137254904 0.4338235294117647
2 0.8615196078431373 0.7524509803921569 0.2107843137254902 0.29411764705882354
0 0.9325980392156863 0.7683823529411765 0.13480392156862744 0.36519607843137253
2 0.7549019607843137 0.9375 0.49019607843137253 0.125