2 0.07051282051282051 0.3423076923076923 0.14102564102564102 0.43333333333333335
0 0.32564102564102565 0.06794871794871794 0.48717948717948717 0.1358974358974359
2 0.33589743589743587 0.09230769230769231 0.4666666666666667 0.1641025641025641
2 0.3487179487179487 0.5089743589743589 0.4358974358974359 0.1
0 0.33974358974358976 0.35128205128205126 0.45897435897435895 0.4153846153846154
2 0.8692307692307693 0.041025641025641026 0.14871794871794872 0.08205128205128205
0 0.7564102564102564 0.04358974358974359 0.37435897435897436 0.08717948717948718
2 0.8346153846153846 0.4461538461538462 0.2205128205128205 0.14871794871794872
0 0.9384615384615385 0.4935897435897436 0.07179487179487179 0.13076923076923078
2 0.08974358974358974 0.7551282051282051 0.1794871794871795 0.3923076923076923
0 0.31666666666666665 0.8961538461538462 0.34102564102564104 0.2076923076923077
0 0.6358974358974359 0.6358974358974359 0.13333333333333333 0.15384615384615385
2 0.7846153846153846 0.9435897435897436 0.4307692307692308 0.11282051282051282