2 0.09605263157894736 0.1013157894736842 0.19210526315789472 0.2026315789473684
0 0.21447368421052632 0.3105263157894737 0.42894736842105263 0.21578947368421053
0 0.2710526315789474 0.1618421052631579 0.35789473684210527 0.3236842105263158
0 0.6013157894736842 0.02894736842105263 0.3026315789473684 0.05789473684210526
0 0.11447368421052631 0.8565789473684211 0.22894736842105262 0.18157894736842106
2 0.14868421052631578 0.6605263157894737 0.29736842105263156 0.3736842105263158
0 0.25921052631578945 0.9223684210526316 0.3815789473684211 0.15526315789473685
0 0.3368421052631579 0.6934210526315789 0.22631578947368422 0.55
0 0.6907894736842105 0.825 0.48157894736842105 0.35
2 0.5026315789473684 0.45263157894736844 0.10526315789473684 0.06842105263157895
0 0.7960526315789473 0.625 0.40789473684210525 0.33421052631578946