2 0.20618556701030927 0.07087628865979381 0.11855670103092783 0.14175257731958762
0 0.06056701030927835 0.3079896907216495 0.1211340206185567 0.3015463917525773
2 0.32989690721649484 0.22938144329896906 0.15979381443298968 0.4587628865979381
2 0.5115979381443299 0.2190721649484536 0.2036082474226804 0.4381443298969072
0 0.5283505154639175 0.22164948453608246 0.23711340206185566 0.44329896907216493
2 0.8015463917525774 0.22938144329896906 0.39690721649484534 0.4587628865979381
0 0.7641752577319587 0.22938144329896906 0.45618556701030927 0.4587628865979381
0 0.09407216494845361 0.6262886597938144 0.18814432989690721 0.33505154639175255
0 0.20489690721649484 0.8530927835051546 0.4097938144329897 0.29381443298969073
2 0.49871134020618557 0.6907216494845361 0.17783505154639176 0.4639175257731959
0 0.5631443298969072 0.8105670103092784 0.30670103092783507 0.3788659793814433
2 0.9072164948453608 0.6817010309278351 0.18556701030927836 0.44587628865979384
0 0.9072164948453608 0.9523195876288659 0.18556701030927836 0.09536082474226804