2 0.1595744680851064 0.13031914893617022 0.11702127659574468 0.26063829787234044
2 0.07313829787234043 0.12101063829787234 0.14627659574468085 0.24202127659574468
0 0.6914893617021277 0.44148936170212766 0.35638297872340424 0.2127659574468085
2 0.5970744680851063 0.46143617021276595 0.32180851063829785 0.17287234042553193
0 0.714095744680851 0.41888297872340424 0.5718085106382979 0.2579787234042553
0 0.28191489361702127 0.20079787234042554 0.1276595744680851 0.34308510638297873
0 0.28856382978723405 0.12234042553191489 0.14095744680851063 0.19680851063829788
0 0.34574468085106386 0.21808510638297873 0.19148936170212766 0.4015957446808511
0 0.10904255319148937 0.910904255319149 0.21808510638297873 0.17819148936170212
2 0.10904255319148937 0.9441489361702128 0.21808510638297873 0.11170212765957446
0 0.11569148936170212 0.6303191489361702 0.2047872340425532 0.16489361702127658
2 0.10904255319148937 0.6223404255319149 0.21808510638297873 0.14893617021276595
2 0.6210106382978723 0.8736702127659575 0.6781914893617021 0.2526595744680851
2 0.5531914893617021 0.6954787234042553 0.6648936170212766 0.29521276595744683
0 0.41888297872340424 0.6914893617021277 0.4015957446808511 0.2872340425531915