2 0.1134020618556701 0.09278350515463918 0.15979381443298968 0.18556701030927836
2 0.07216494845360824 0.4059278350515464 0.14432989690721648 0.38402061855670105
0 0.2963917525773196 0.12628865979381443 0.28350515463917525 0.25257731958762886
2 0.2770618556701031 0.38273195876288657 0.32216494845360827 0.43041237113402064
2 0.6082474226804123 0.3440721649484536 0.23969072164948454 0.17268041237113402
0 0.7938144329896907 0.38788659793814434 0.2422680412371134 0.42010309278350516
0 0.9226804123711341 0.3543814432989691 0.15463917525773196 0.48711340206185566
2 0.28737113402061853 0.7332474226804123 0.3015463917525773 0.2706185567010309
2 0.3170103092783505 0.9072164948453608 0.2422680412371134 0.18556701030927836
0 0.7396907216494846 0.6572164948453608 0.520618556701031 0.11855670103092783
0 0.7190721649484536 0.904639175257732 0.5618556701030928 0.19072164948453607