0 0.18026315789473685 0.575 0.3605263157894737 0.10789473684210527
0 0.21447368421052632 0.15526315789473685 0.42894736842105263 0.3105263157894737
2 0.11842105263157894 0.15526315789473685 0.23684210526315788 0.3105263157894737
0 0.9526315789473684 0.34210526315789475 0.09473684210526316 0.3157894736842105
2 0.5184210526315789 0.17763157894736842 0.07894736842105263 0.11842105263157894
0 0.5197368421052632 0.3236842105263158 0.08157894736842106 0.29473684210526313
0 0.7144736842105263 0.030263157894736843 0.4710526315789474 0.060526315789473685
2 0.2394736842105263 0.8986842105263158 0.4789473684210526 0.2026315789473684
0 0.2394736842105263 0.8105263157894737 0.4789473684210526 0.3631578947368421
0 0.8894736842105263 0.9473684210526315 0.22105263157894736 0.10526315789473684
2 0.9171052631578948 0.8776315789473684 0.16578947368421051 0.0868421052631579