0 0.3597560975609756 0.3878048780487805 0.2682926829268293 0.2780487804878049
0 0.3853658536585366 0.13658536585365855 0.2682926829268293 0.2731707317073171
2 0.6439024390243903 0.3182926829268293 0.24878048780487805 0.5487804878048781
0 0.8926829268292683 0.6195121951219512 0.2146341463414634 0.13658536585365855
0 0.8670731707317073 0.2304878048780488 0.2658536585365854 0.36341463414634145
2 0.8792682926829268 0.08658536585365853 0.24146341463414633 0.17317073170731706
0 0.12439024390243902 0.8439024390243902 0.21707317073170732 0.1048780487804878
2 0.2707317073170732 0.7585365853658537 0.15121951219512195 0.14146341463414633
2 0.4073170731707317 0.8439024390243902 0.22439024390243903 0.3121951219512195
0 0.7597560975609756 0.9146341463414634 0.48048780487804876 0.17073170731707318
0 0.7634146341463415 0.7853658536585366 0.47317073170731705 0.1951219512195122