2 0.4744897959183674 0.03188775510204082 0.18877551020408162 0.06377551020408163
0 0.42857142857142855 0.25255102040816324 0.28061224489795916 0.5051020408163265
0 0.14540816326530612 0.18112244897959184 0.29081632653061223 0.3622448979591837
2 0.38137755102040816 0.4846938775510204 0.375 0.20918367346938777
2 0.7767857142857143 0.14540816326530612 0.21683673469387754 0.24744897959183673
2 0.4897959183673469 0.8698979591836735 0.15816326530612246 0.2602040816326531
2 0.39668367346938777 0.8788265306122449 0.1836734693877551 0.1989795918367347
0 0.43494897959183676 0.7946428571428571 0.26785714285714285 0.4107142857142857
0 0.22448979591836735 0.7665816326530612 0.4489795918367347 0.35459183673469385
2 0.1989795918367347 0.9451530612244898 0.20408163265306123 0.1096938775510204
0 0.8099489795918368 0.8073979591836735 0.25255102040816324 0.3852040816326531
2 0.6811224489795918 0.7946428571428571 0.22448979591836735 0.4107142857142857