0 0.22422680412371135 0.23582474226804123 0.4484536082474227 0.47164948453608246
2 0.9690721649484536 0.06572164948453608 0.061855670103092786 0.06958762886597938
0 0.8247422680412371 0.04639175257731959 0.34536082474226804 0.09278350515463918
0 0.8260309278350515 0.2706185567010309 0.3479381443298969 0.4175257731958763
2 0.5850515463917526 0.2551546391752577 0.27319587628865977 0.4484536082474227
2 0.33505154639175255 0.6520618556701031 0.11082474226804123 0.11855670103092783
2 0.17525773195876287 0.5515463917525774 0.23195876288659795 0.14432989690721648
2 0.12242268041237113 0.8286082474226805 0.24484536082474226 0.3427835051546392
2 0.9458762886597938 0.5876288659793815 0.10824742268041238 0.13917525773195877
0 0.913659793814433 0.7448453608247423 0.17268041237113402 0.15463917525773196
0 0.5425257731958762 0.6288659793814433 0.18814432989690721 0.29896907216494845
2 0.5463917525773195 0.9226804123711341 0.1958762886597938 0.15463917525773196