2 0.06840796019900497 0.11567164179104478 0.13681592039800994 0.23134328358208955
0 0.06840796019900497 0.1181592039800995 0.13681592039800994 0.236318407960199
0 0.2835820895522388 0.3482587064676617 0.2885572139303483 0.39303482587064675
0 0.2835820895522388 0.07213930348258707 0.2885572139303483 0.14427860696517414
0 0.48507462686567165 0.6256218905472637 0.11442786069651742 0.10696517412935323
2 0.48383084577114427 0.09328358208955224 0.11194029850746269 0.18159203980099503
0 0.48383084577114427 0.01990049751243781 0.11194029850746269 0.03980099502487562
2 0.654228855721393 0.4017412935323383 0.12935323383084577 0.1044776119402985
0 0.9029850746268657 0.5261194029850746 0.19402985074626866 0.23134328358208955
2 0.7711442786069652 0.17288557213930347 0.4577114427860697 0.34577114427860695
2 0.21393034825870647 0.8072139303482587 0.42786069651741293 0.2562189054726368
0 0.6032338308457711 0.9651741293532339 0.35074626865671643 0.06965174129353234
0 0.6355721393034826 0.818407960199005 0.3706467661691542 0.27860696517412936