0 0.14342105263157895 0.40657894736842104 0.2868421052631579 0.3236842105263158
2 0.4355263157894737 0.5592105263157895 0.25526315789473686 0.1394736842105263
2 0.4473684210526316 0.4881578947368421 0.2789473684210526 0.28157894736842104
2 0.4881578947368421 0.09078947368421053 0.3605263157894737 0.18157894736842106
0 0.7697368421052632 0.5039473684210526 0.4605263157894737 0.25
0 0.8 0.2394736842105263 0.4 0.4789473684210526
0 0.15394736842105264 0.8828947368421053 0.3078947368421053 0.23421052631578948
2 0.10657894736842105 0.7539473684210526 0.2131578947368421 0.25
0 0.3473684210526316 0.9118421052631579 0.07894736842105263 0.1763157894736842
2 0.4118421052631579 0.85 0.20789473684210527 0.18421052631578946
2 0.5973684210526315 0.9394736842105263 0.39473684210526316 0.12105263157894737
2 0.8592105263157894 0.9355263157894737 0.07631578947368421 0.12894736842105264
2 0.7342105263157894 0.6868421052631579 0.4421052631578947 0.11578947368421053
2 0.9407894736842105 0.9105263157894737 0.10789473684210527 0.17894736842105263
0 0.9592105263157895 0.8552631578947368 0.08157894736842106 0.20526315789473684
0 0.9592105263157895 0.7118421052631579 0.08157894736842106 0.16578947368421051