2 0.25 0.11567164179104478 0.31592039800995025 0.23134328358208955
0 0.09577114427860696 0.1181592039800995 0.19154228855721392 0.236318407960199
2 0.2922885572139303 0.35572139303482586 0.4154228855721393 0.4079601990049751
0 0.6417910447761194 0.2462686567164179 0.2835820895522388 0.4925373134328358
2 0.8084577114427861 0.048507462686567165 0.38308457711442784 0.09701492537313433
2 0.75 0.458955223880597 0.5 0.20149253731343283
0 0.19900497512437812 0.7873134328358209 0.39800995024875624 0.4253731343283582
2 0.5746268656716418 0.6840796019900498 0.14925373134328357 0.24875621890547264
0 0.7338308457711443 0.7388059701492538 0.36318407960199006 0.3582089552238806
2 0.917910447761194 0.7300995024875622 0.16417910447761194 0.3407960199004975
0 0.75 0.9191542288557214 0.5 0.16169154228855723