0 0.20157068062827224 0.331151832460733 0.4031413612565445 0.23298429319371727
2 0.5091623036649214 0.2212041884816754 0.3010471204188482 0.4424083769633508
2 0.5078534031413613 0.39790575916230364 0.3036649214659686 0.09947643979057591
2 0.8298429319371727 0.15575916230366493 0.3403141361256545 0.31151832460732987
0 0.8298429319371727 0.39397905759162305 0.3403141361256545 0.10732984293193717
0 0.2604712041884817 0.5104712041884817 0.1806282722513089 0.1256544502617801
2 0.1256544502617801 0.9568062827225131 0.2513089005235602 0.08638743455497382
2 0.39659685863874344 0.7670157068062827 0.16230366492146597 0.13350785340314136
0 0.6047120418848168 0.7015706806282722 0.1099476439790576 0.3036649214659686
2 0.42539267015706805 0.8952879581151832 0.468586387434555 0.2094240837696335
0 0.7369109947643979 0.7238219895287958 0.1544502617801047 0.5523560209424084
2 0.8782722513089005 0.7238219895287958 0.24345549738219896 0.5523560209424084
2 0.8429319371727748 0.9332460732984293 0.31413612565445026 0.13350785340314136