0 0.1881720430107527 0.28091397849462363 0.3387096774193548 0.5618279569892473
2 0.06451612903225806 0.7083333333333334 0.12903225806451613 0.08333333333333333
0 0.521505376344086 0.12903225806451613 0.3279569892473118 0.25806451612903225
0 0.75 0.1532258064516129 0.3709677419354839 0.3064516129032258
2 0.4879032258064516 0.45161290322580644 0.260752688172043 0.5967741935483871
0 0.7123655913978495 0.5806451612903226 0.27419354838709675 0.3387096774193548
0 0.04704301075268817 0.875 0.09408602150537634 0.25
0 0.2674731182795699 0.8346774193548387 0.18010752688172044 0.1693548387096774
2 0.3077956989247312 0.875 0.09946236559139784 0.25
0 0.38844086021505375 0.875 0.06182795698924731 0.25
2 0.8736559139784946 0.875 0.25268817204301075 0.25