2 0.2012820512820513 0.08333333333333333 0.3564102564102564 0.16666666666666666
2 0.21153846153846154 0.24487179487179486 0.33589743589743587 0.2282051282051282
0 0.908974358974359 0.15128205128205127 0.18205128205128204 0.29743589743589743
2 0.5064102564102564 0.2948717948717949 0.25384615384615383 0.1282051282051282
2 0.5948717948717949 0.1294871794871795 0.3230769230769231 0.258974358974359
2 0.2512820512820513 0.4153846153846154 0.21025641025641026 0.11282051282051282
0 0.19487179487179487 0.5102564102564102 0.23846153846153847 0.07435897435897436
2 0.18974358974358974 0.7474358974358974 0.37948717948717947 0.5051282051282051
0 0.8692307692307693 0.4948717948717949 0.2205128205128205 0.24102564102564103
2 0.8743589743589744 0.4897435897435897 0.2512820512820513 0.26153846153846155
0 0.8833333333333333 0.7948717948717948 0.23333333333333334 0.41025641025641024
2 0.46153846153846156 0.9423076923076923 0.1641025641025641 0.11538461538461539