2 0.18489583333333334 0.3033854166666667 0.3697916666666667 0.09114583333333333
2 0.18880208333333334 0.25 0.3619791666666667 0.19791666666666666
2 0.26171875 0.10807291666666667 0.21614583333333334 0.21614583333333334
2 0.16015625 0.10807291666666667 0.24739583333333334 0.21614583333333334
0 0.5924479166666666 0.17447916666666666 0.4453125 0.3489583333333333
0 0.8645833333333334 0.17447916666666666 0.2708333333333333 0.3489583333333333
0 0.19270833333333334 0.6171875 0.3515625 0.203125
2 0.4778645833333333 0.71484375 0.21614583333333334 0.2421875
0 0.6080729166666666 0.7877604166666666 0.2526041666666667 0.4244791666666667
0 0.5651041666666666 0.4778645833333333 0.390625 0.2578125
2 0.81640625 0.7682291666666666 0.3671875 0.4635416666666667
0 0.9622395833333334 0.52734375 0.07552083333333333 0.23177083333333334
0 0.9440104166666666 0.45703125 0.11197916666666667 0.21614583333333334