2 0.39819587628865977 0.2667525773195876 0.059278350515463915 0.44587628865979384
2 0.0979381443298969 0.30283505154639173 0.1958762886597938 0.5335051546391752
2 0.9381443298969072 0.14948453608247422 0.12371134020618557 0.29896907216494845
2 0.5270618556701031 0.18814432989690721 0.19845360824742267 0.37628865979381443
2 0.8595360824742269 0.42010309278350516 0.2809278350515464 0.29896907216494845
2 0.5180412371134021 0.46262886597938147 0.18041237113402062 0.21391752577319587
0 0.6417525773195877 0.45618556701030927 0.22164948453608246 0.2268041237113402
0 0.08118556701030928 0.7847938144329897 0.16237113402061856 0.43041237113402064
2 0.16881443298969073 0.8698453608247423 0.33762886597938147 0.2603092783505155
0 0.6855670103092784 0.7319587628865979 0.5154639175257731 0.3247422680412371
2 0.9265463917525774 0.913659793814433 0.07989690721649484 0.17268041237113402