2 0.30423280423280424 0.23412698412698413 0.291005291005291 0.46825396825396826
2 0.1455026455026455 0.1917989417989418 0.08465608465608465 0.3835978835978836
0 0.10185185185185185 0.23412698412698413 0.18253968253968253 0.46825396825396826
0 0.5846560846560847 0.19576719576719576 0.2328042328042328 0.3915343915343915
2 0.7447089947089947 0.3373015873015873 0.30952380952380953 0.2619047619047619
2 0.08333333333333333 0.6124338624338624 0.16666666666666666 0.28835978835978837
0 0.18121693121693122 0.6124338624338624 0.30952380952380953 0.28835978835978837
0 0.38095238095238093 0.8611111111111112 0.13756613756613756 0.2777777777777778
0 0.167989417989418 0.8611111111111112 0.335978835978836 0.2777777777777778
0 0.4722222222222222 0.6759259259259259 0.04497354497354497 0.41534391534391535
2 0.9616402116402116 0.9113756613756614 0.07671957671957672 0.12962962962962962
0 0.9126984126984127 0.9285714285714286 0.12698412698412698 0.14285714285714285
0 0.593915343915344 0.9298941798941799 0.28835978835978837 0.1402116402116402