0 0.026737967914438502 0.46524064171123 0.053475935828877004 0.18716577540106952
2 0.15240641711229946 0.3663101604278075 0.3048128342245989 0.3850267379679144
0 0.30213903743315507 0.0855614973262032 0.39572192513368987 0.1711229946524064
2 0.37566844919786097 0.3649732620320856 0.24866310160427807 0.3877005347593583
0 0.6644385026737968 0.3890374331550802 0.32887700534759357 0.339572192513369
2 0.8676470588235294 0.27941176470588236 0.2647058823529412 0.5588235294117647
2 0.3382352941176471 0.606951871657754 0.3235294117647059 0.0962566844919786
0 0.34759358288770054 0.9264705882352942 0.3048128342245989 0.14705882352941177
0 0.5762032085561497 0.7152406417112299 0.15240641711229946 0.31283422459893045
0 0.7647058823529411 0.6136363636363636 0.47058823529411764 0.10962566844919786
2 0.8275401069518716 0.8382352941176471 0.3449197860962567 0.3235294117647059