2 0.014397905759162303 0.34293193717277487 0.028795811518324606 0.14659685863874344
0 0.2918848167539267 0.18848167539267016 0.5837696335078534 0.3769633507853403
0 0.849476439790576 0.3089005235602094 0.3010471204188482 0.34554973821989526
2 0.849476439790576 0.07853403141361257 0.3010471204188482 0.15706806282722513
0 0.041884816753926704 0.8638743455497382 0.08376963350785341 0.27225130890052357
0 0.20026178010471204 0.6793193717277487 0.4005235602094241 0.22251308900523561
2 0.5379581151832461 0.9384816753926701 0.2905759162303665 0.12303664921465969
0 0.47643979057591623 0.7107329842931938 0.44502617801047123 0.28534031413612565
2 0.7617801047120419 0.862565445026178 0.1256544502617801 0.2643979057591623
0 0.81282722513089 0.8638743455497382 0.22774869109947643 0.27225130890052357
0 0.8481675392670157 0.6348167539267016 0.29842931937172773 0.13350785340314136