2 0.23383084577114427 0.44029850746268656 0.2736318407960199 0.08955223880597014
0 0.20024875621890548 0.47388059701492535 0.40049751243781095 0.1318407960199005
2 0.8246268656716418 0.20398009950248755 0.35074626865671643 0.4079601990049751
2 0.8072139303482587 0.44402985074626866 0.3855721393034826 0.19154228855721392
0 0.048507462686567165 0.6691542288557214 0.09701492537313433 0.25870646766169153
0 0.24253731343283583 0.7164179104477612 0.41044776119402987 0.35323383084577115
2 0.22388059701492538 0.900497512437811 0.44776119402985076 0.19900497512437812
0 0.6032338308457711 0.6878109452736318 0.31094527363184077 0.2960199004975124
2 0.6169154228855721 0.6890547263681592 0.3383084577114428 0.29850746268656714
0 0.8557213930348259 0.7375621890547264 0.2885572139303483 0.39552238805970147
0 0.5808457711442786 0.8967661691542289 0.26616915422885573 0.2064676616915423
2 0.8159203980099502 0.9203980099502488 0.3681592039800995 0.15920398009950248
2 0.7512437810945274 0.9191542288557214 0.2835820895522388 0.16169154228855723