2 0.44543147208121825 0.16878172588832488 0.4847715736040609 0.33756345177664976
2 0.11421319796954314 0.16624365482233502 0.22842639593908629 0.33248730964467005
2 0.8477157360406091 0.24873096446700507 0.30456852791878175 0.16751269035532995
0 0.631979695431472 0.8464467005076142 0.1116751269035533 0.30710659898477155
0 0.6230964467005076 0.565989847715736 0.12944162436548223 0.20812182741116753
2 0.3756345177664975 0.8286802030456852 0.48223350253807107 0.3426395939086294
0 0.19543147208121828 0.5850253807106599 0.3680203045685279 0.14974619289340102
0 0.2703045685279188 0.4733502538071066 0.2969543147208122 0.2563451776649746
2 0.8743654822335025 0.6484771573604061 0.2512690355329949 0.2918781725888325
0 0.883248730964467 0.8642131979695431 0.233502538071066 0.2715736040609137
2 0.866751269035533 0.4086294416243655 0.26649746192893403 0.14213197969543148
2 0.7411167512690355 0.733502538071066 0.1065989847715736 0.5329949238578681