2 0.4162621359223301 0.05703883495145631 0.22572815533980584 0.11407766990291263
2 0.1796116504854369 0.05946601941747573 0.3592233009708738 0.11893203883495146
2 0.7645631067961165 0.08495145631067962 0.470873786407767 0.06796116504854369
2 0.654126213592233 0.03155339805825243 0.25 0.06310679611650485
2 0.2924757281553398 0.27548543689320387 0.4733009708737864 0.3131067961165049
0 0.2645631067961165 0.33980582524271846 0.529126213592233 0.441747572815534
0 0.25970873786407767 0.7985436893203883 0.5194174757281553 0.4029126213592233
0 0.8907766990291263 0.6347087378640777 0.21844660194174756 0.16747572815533981
2 0.8580097087378641 0.8155339805825242 0.28398058252427183 0.34951456310679613
0 0.7342233009708737 0.38349514563106796 0.41019417475728154 0.529126213592233
0 0.6601941747572816 0.7560679611650486 0.2621359223300971 0.4878640776699029