2 0.2639593908629442 0.3362944162436548 0.5279187817258884 0.4035532994923858
2 0.12563451776649745 0.09517766497461928 0.2512690355329949 0.19035532994923857
0 0.22208121827411167 0.03807106598984772 0.44416243654822335 0.07614213197969544
0 0.6408629441624365 0.26903553299492383 0.22588832487309646 0.5380710659898477
2 0.7969543147208121 0.26903553299492383 0.40609137055837563 0.5380710659898477
0 0.16751269035532995 0.9213197969543148 0.3350253807106599 0.15736040609137056
2 0.14086294416243655 0.9276649746192893 0.2817258883248731 0.1446700507614213
0 0.4149746192893401 0.8375634517766497 0.22588832487309646 0.3248730964467005
2 0.3413705583756345 0.6878172588832487 0.3730964467005076 0.29949238578680204
0 0.7639593908629442 0.8299492385786802 0.4720812182741117 0.3401015228426396
0 0.7626903553299492 0.6687817258883249 0.46954314720812185 0.2614213197969543
0 0.7474619289340102 0.5977157360406091 0.43908629441624364 0.11928934010152284