2 0.4273399014778325 0.20812807881773399 0.3817733990147783 0.41625615763546797
2 0.4408866995073892 0.4605911330049261 0.35467980295566504 0.11822660098522167
0 0.14655172413793102 0.25985221674876846 0.29310344827586204 0.5197044334975369
2 0.937192118226601 0.3041871921182266 0.12561576354679804 0.21428571428571427
0 0.9408866995073891 0.42610837438423643 0.11822660098522167 0.18719211822660098
0 0.7561576354679803 0.30049261083743845 0.27586206896551724 0.3054187192118227
2 0.229064039408867 0.5689655172413793 0.4433497536945813 0.09852216748768473
0 0.13916256157635468 0.708128078817734 0.27832512315270935 0.16995073891625614
2 0.9482758620689655 0.8374384236453202 0.10344827586206896 0.3251231527093596
2 0.7820197044334976 0.8472906403940886 0.3275862068965517 0.3054187192118227
2 0.770935960591133 0.6403940886699507 0.3054187192118227 0.2413793103448276