2 0.35209424083769636 0.14136125654450263 0.25392670157068065 0.28272251308900526
2 0.06413612565445026 0.2198952879581152 0.12827225130890052 0.4397905759162304
2 0.36910994764397903 0.450261780104712 0.4973821989528796 0.518324607329843
2 0.07460732984293193 0.44502617801047123 0.14921465968586387 0.24083769633507854
0 0.09816753926701571 0.5143979057591623 0.19633507853403143 0.3900523560209424
2 0.7002617801047121 0.362565445026178 0.1649214659685864 0.4424083769633508
0 0.8089005235602095 0.2630890052356021 0.38219895287958117 0.5261780104712042
2 0.8089005235602095 0.5667539267015707 0.38219895287958117 0.28534031413612565
0 0.443717277486911 0.8547120418848168 0.3481675392670157 0.2905759162303665
2 0.193717277486911 0.8547120418848168 0.387434554973822 0.2905759162303665
2 0.8089005235602095 0.8795811518324608 0.38219895287958117 0.24083769633507854
2 0.8534031413612565 0.8547120418848168 0.2931937172774869 0.2905759162303665