0 0.12564102564102564 0.11153846153846154 0.2512820512820513 0.2230769230769231
2 0.16025641025641027 0.21923076923076923 0.32051282051282054 0.43846153846153846
0 0.19487179487179487 0.06794871794871794 0.38974358974358975 0.1358974358974359
2 0.41410256410256413 0.30512820512820515 0.04871794871794872 0.19487179487179487
0 0.5102564102564102 0.3730769230769231 0.24102564102564103 0.13076923076923078
0 0.8384615384615385 0.2833333333333333 0.3230769230769231 0.31025641025641026
0 0.11794871794871795 0.7935897435897435 0.2358974358974359 0.36153846153846153
0 0.19487179487179487 0.5474358974358975 0.38974358974358975 0.21794871794871795
2 0.19487179487179487 0.6512820512820513 0.38974358974358975 0.3487179487179487
0 0.5448717948717948 0.6794871794871795 0.31025641025641026 0.48205128205128206
2 0.48717948717948717 0.8833333333333333 0.19487179487179487 0.23333333333333334
2 0.8115384615384615 0.7756410256410257 0.3769230769230769 0.44871794871794873
2 0.8320512820512821 0.5346153846153846 0.33589743589743587 0.19230769230769232