0 0.1590909090909091 0.49732620320855614 0.3181818181818182 0.3048128342245989
2 0.1590909090909091 0.2286096256684492 0.3181818181818182 0.4572192513368984
0 0.8983957219251337 0.5454545454545454 0.20320855614973263 0.20855614973262032
0 0.8221925133689839 0.3355614973262032 0.35561497326203206 0.35561497326203206
2 0.7834224598930482 0.22593582887700533 0.2914438502673797 0.24331550802139038
2 0.49866310160427807 0.30080213903743314 0.3609625668449198 0.6016042780748663
2 0.25 0.7259358288770054 0.13636363636363635 0.13636363636363635
2 0.1590909090909091 0.713903743315508 0.3181818181818182 0.12834224598930483
0 0.9438502673796791 0.7874331550802139 0.11229946524064172 0.27540106951871657
2 0.7847593582887701 0.7606951871657754 0.18449197860962566 0.22192513368983957
0 0.5320855614973262 0.8703208556149733 0.42780748663101603 0.25935828877005346
0 0.5106951871657754 0.7459893048128342 0.3850267379679144 0.1925133689839572