0 0.5541237113402062 0.30541237113402064 0.10824742268041238 0.6108247422680413
0 0.20747422680412372 0.24097938144329897 0.41494845360824745 0.48195876288659795
0 0.2036082474226804 0.529639175257732 0.4072164948453608 0.2963917525773196
2 0.3711340206185567 0.5695876288659794 0.29896907216494845 0.21649484536082475
0 0.7847938144329897 0.15721649484536082 0.3427835051546392 0.31443298969072164
0 0.9304123711340206 0.5128865979381443 0.13917525773195877 0.32989690721649484
2 0.7538659793814433 0.4729381443298969 0.2912371134020619 0.4097938144329897
0 0.8427835051546392 0.5025773195876289 0.15463917525773196 0.35051546391752575
2 0.23067010309278352 0.7770618556701031 0.46134020618556704 0.19845360824742267
2 0.4265463917525773 0.9342783505154639 0.23969072164948454 0.13144329896907217
0 0.19329896907216496 0.8762886597938144 0.3865979381443299 0.24742268041237114
0 0.8079896907216495 0.8904639175257731 0.2190721649484536 0.2190721649484536
0 0.6932989690721649 0.8260309278350515 0.17010309278350516 0.2963917525773196