2 0.15954773869346733 0.43090452261306533 0.31909547738693467 0.07788944723618091
0 0.15954773869346733 0.23492462311557788 0.31909547738693467 0.46984924623115576
0 0.478643216080402 0.15326633165829145 0.31909547738693467 0.3065326633165829
2 0.4434673366834171 0.3241206030150754 0.24874371859296482 0.2914572864321608
0 0.835427135678392 0.23492462311557788 0.32914572864321606 0.46984924623115576
2 0.18341708542713567 0.7914572864321608 0.271356783919598 0.2814070351758794
2 0.20477386934673367 0.5665829145728644 0.228643216080402 0.1934673366834171
2 0.17462311557788945 0.9547738693467337 0.2889447236180904 0.09045226130653267
2 0.04648241206030151 0.7964824120603015 0.09296482412060302 0.40703517587939697
2 0.07663316582914573 0.5376884422110553 0.15326633165829145 0.135678391959799
0 0.6482412060301508 0.8630653266331658 0.6582914572864321 0.2185929648241206
2 0.6658291457286433 0.6482412060301508 0.6683417085427136 0.35678391959798994