0 0.3942307692307692 0.5637019230769231 0.1875 0.17067307692307693
2 0.4266826923076923 0.27524038461538464 0.12259615384615384 0.45913461538461536
0 0.4266826923076923 0.296875 0.12259615384615384 0.5024038461538461
2 0.22956730769230768 0.23918269230769232 0.45913461538461536 0.47836538461538464
2 0.890625 0.22115384615384615 0.21875 0.3125
0 0.7487980769230769 0.3245192307692308 0.5024038461538461 0.6490384615384616
0 0.5516826923076923 0.1971153846153846 0.12740384615384615 0.3942307692307692
2 0.46634615384615385 0.8149038461538461 0.04326923076923077 0.1875
2 0.15745192307692307 0.8245192307692307 0.31490384615384615 0.35096153846153844
0 0.7752403846153846 0.9254807692307693 0.27163461538461536 0.14903846153846154
0 0.765625 0.8569711538461539 0.46875 0.2860576923076923
2 0.5516826923076923 0.8245192307692307 0.12740384615384615 0.35096153846153844