0 0.6122994652406417 0.36363636363636365 0.23529411764705882 0.20855614973262032
0 0.4852941176470588 0.02540106951871658 0.4893048128342246 0.05080213903743316
2 0.2914438502673797 0.2553475935828877 0.5828877005347594 0.42513368983957217
0 0.16443850267379678 0.10294117647058823 0.32887700534759357 0.20588235294117646
2 0.8649732620320856 0.16310160427807488 0.2700534759358289 0.32620320855614976
2 0.767379679144385 0.2339572192513369 0.0748663101604278 0.4679144385026738
0 0.6122994652406417 0.6898395721925134 0.23529411764705882 0.3582887700534759
2 0.589572192513369 0.5868983957219251 0.2807486631016043 0.23796791443850268
2 0.3048128342245989 0.733957219251337 0.6096256684491979 0.5320855614973262
2 0.8128342245989305 0.7245989304812834 0.1657754010695187 0.4117647058823529
0 0.8649732620320856 0.8248663101604278 0.2700534759358289 0.3502673796791444
2 0.8649732620320856 0.5374331550802139 0.2700534759358289 0.13903743315508021