2 0.5565789473684211 0.2118421052631579 0.24210526315789474 0.33421052631578946
0 0.6052631578947368 0.23289473684210527 0.24736842105263157 0.35
2 0.014473684210526316 0.12105263157894737 0.02894736842105263 0.24210526315789474
0 0.12368421052631579 0.20394736842105263 0.24736842105263157 0.40789473684210525
2 0.8223684210526315 0.0881578947368421 0.1868421052631579 0.1763157894736842
0 0.8644736842105263 0.20394736842105263 0.2710526315789474 0.40789473684210525
0 0.6460526315789473 0.49736842105263157 0.16578947368421051 0.17894736842105263
2 0.2894736842105263 0.49473684210526314 0.5789473684210527 0.1736842105263158
0 0.5960526315789474 0.8171052631578948 0.2657894736842105 0.36578947368421055
0 0.11578947368421053 0.7763157894736842 0.23157894736842105 0.4473684210526316
2 0.881578947368421 0.6381578947368421 0.23684210526315788 0.35526315789473684
0 0.8644736842105263 0.6105263157894737 0.2710526315789474 0.4052631578947368
0 0.8644736842105263 0.8513157894736842 0.2710526315789474 0.29736842105263156