0 0.4298469387755102 0.11096938775510204 0.3596938775510204 0.22193877551020408
0 0.4030612244897959 0.4923469387755102 0.413265306122449 0.17346938775510204
0 0.11607142857142858 0.4630102040816326 0.22193877551020408 0.23214285714285715
2 0.0625 0.5178571428571429 0.125 0.12244897959183673
0 0.875 0.34183673469387754 0.25 0.23979591836734693
2 0.860969387755102 0.16198979591836735 0.2780612244897959 0.3239795918367347
2 0.8278061224489796 0.49362244897959184 0.34438775510204084 0.17091836734693877
2 0.6568877551020408 0.47959183673469385 0.09438775510204081 0.1989795918367347
0 0.399234693877551 0.6033163265306123 0.19642857142857142 0.04846938775510204
0 0.3826530612244898 0.6326530612244898 0.22193877551020408 0.07653061224489796
0 0.19387755102040816 0.6441326530612245 0.25 0.13010204081632654
2 0.8048469387755102 0.7895408163265306 0.3903061224489796 0.42091836734693877