0 0.37185929648241206 0.20100502512562815 0.35175879396984927 0.4020100502512563
0 0.18467336683417085 0.14824120603015076 0.3693467336683417 0.2964824120603015
0 0.34045226130653267 0.4886934673366834 0.41457286432160806 0.3793969849246231
2 0.2562814070351759 0.4861809045226131 0.3165829145728643 0.3844221105527638
2 0.6381909547738693 0.4020100502512563 0.18090452261306533 0.49748743718592964
0 0.4484924623115578 0.8580402010050251 0.1984924623115578 0.28391959798994976
2 0.30025125628140703 0.8391959798994975 0.4949748743718593 0.32160804020100503
0 0.09547738693467336 0.8391959798994975 0.19095477386934673 0.32160804020100503
2 0.10427135678391959 0.8391959798994975 0.20854271356783918 0.32160804020100503
2 0.8165829145728644 0.8391959798994975 0.36683417085427134 0.32160804020100503
2 0.6017587939698492 0.9334170854271356 0.10804020100502512 0.13316582914572864
0 0.628140703517588 0.8391959798994975 0.16080402010050251 0.32160804020100503