0 0.3131188118811881 0.16584158415841585 0.3094059405940594 0.3316831683168317
0 0.2537128712871287 0.15717821782178218 0.1905940594059406 0.31435643564356436
2 0.09034653465346534 0.12871287128712872 0.1806930693069307 0.25742574257425743
0 0.31064356435643564 0.38366336633663367 0.2747524752475248 0.16831683168316833
2 0.8477722772277227 0.32054455445544555 0.30445544554455445 0.29455445544554454
2 0.8217821782178217 0.03094059405940594 0.3564356435643564 0.06188118811881188
2 0.5334158415841584 0.0655940594059406 0.1311881188118812 0.1311881188118812
2 0.870049504950495 0.11633663366336634 0.2599009900990099 0.23267326732673269
2 0.5952970297029703 0.21287128712871287 0.25495049504950495 0.4207920792079208
0 0.2908415841584158 0.6695544554455446 0.19554455445544555 0.32425742574257427
2 0.1806930693069307 0.6324257425742574 0.12128712871287128 0.24752475247524752
2 0.5853960396039604 0.7314356435643564 0.23514851485148514 0.5272277227722773