0 0.22916666666666666 0.5533854166666666 0.4583333333333333 0.4088541666666667
2 0.21744791666666666 0.69921875 0.4348958333333333 0.1171875
2 0.22786458333333334 0.23567708333333334 0.4557291666666667 0.4713541666666667
0 0.8111979166666666 0.4986979166666667 0.3776041666666667 0.5182291666666666
0 0.7890625 0.18359375 0.421875 0.3671875
2 0.578125 0.22135416666666666 0.23958333333333334 0.4427083333333333
0 0.3359375 0.87890625 0.24479166666666666 0.2421875
0 0.3645833333333333 0.87890625 0.1875 0.2421875
0 0.15755208333333334 0.953125 0.3151041666666667 0.09375
0 0.15104166666666666 0.8385416666666666 0.3020833333333333 0.16145833333333334
2 0.11848958333333333 0.8971354166666666 0.23697916666666666 0.20572916666666666
0 0.7291666666666666 0.87890625 0.5416666666666666 0.2421875
2 0.5716145833333334 0.9166666666666666 0.2265625 0.16666666666666666