0 0.24387254901960784 0.1090686274509804 0.4877450980392157 0.2181372549019608
2 0.0625 0.44607843137254904 0.125 0.14705882352941177
0 0.2426470588235294 0.31495098039215685 0.4852941176470588 0.38480392156862747
2 0.6029411764705882 0.32598039215686275 0.23039215686274508 0.19607843137254902
2 0.7781862745098039 0.42892156862745096 0.44362745098039214 0.18137254901960784
2 0.21200980392156862 0.7193627450980392 0.35784313725490197 0.3137254901960784
2 0.19975490196078433 0.5600490196078431 0.3161764705882353 0.08088235294117647
2 0.029411764705882353 0.7071078431372549 0.058823529411764705 0.375
0 0.20955882352941177 0.9154411764705882 0.41911764705882354 0.16911764705882354
2 0.22794117647058823 0.9473039215686274 0.45588235294117646 0.1053921568627451
0 0.7438725490196079 0.6666666666666666 0.5122549019607843 0.29411764705882354