0 0.5167525773195877 0.09020618556701031 0.18298969072164947 0.18041237113402062
0 0.1327319587628866 0.18041237113402062 0.2654639175257732 0.36082474226804123
2 0.22036082474226804 0.061855670103092786 0.44072164948453607 0.12371134020618557
2 0.45489690721649484 0.37371134020618557 0.2654639175257732 0.33762886597938147
2 0.8324742268041238 0.10438144329896908 0.33505154639175255 0.20876288659793815
2 0.38144329896907214 0.6623711340206185 0.4536082474226804 0.18556701030927836
2 0.5579896907216495 0.8917525773195877 0.10051546391752578 0.20103092783505155
0 0.5244845360824743 0.7538659793814433 0.16752577319587628 0.36855670103092786
0 0.12628865979381443 0.7100515463917526 0.25257731958762886 0.2809278350515464
0 0.1095360824742268 0.8891752577319587 0.2190721649484536 0.22164948453608246
0 0.9239690721649485 0.7229381443298969 0.15206185567010308 0.30670103092783507