0 0.12878787878787878 0.1994949494949495 0.25757575757575757 0.398989898989899
0 0.11994949494949494 0.4898989898989899 0.2398989898989899 0.35858585858585856
0 0.2676767676767677 0.5441919191919192 0.2222222222222222 0.25
2 0.5694444444444444 0.26641414141414144 0.3813131313131313 0.5328282828282829
0 0.7348484848484849 0.37626262626262624 0.5303030303030303 0.5858585858585859
2 0.17297979797979798 0.773989898989899 0.34595959595959597 0.20959595959595959
0 0.23106060606060605 0.7891414141414141 0.29545454545454547 0.2398989898989899
0 0.1893939393939394 0.9103535353535354 0.3787878787878788 0.17929292929292928
2 0.6616161616161617 0.8787878787878788 0.3434343434343434 0.24242424242424243
2 0.8800505050505051 0.9027777777777778 0.2398989898989899 0.19444444444444445
2 0.47474747474747475 0.8699494949494949 0.1919191919191919 0.2601010101010101
2 0.6338383838383839 0.7373737373737373 0.51010101010101 0.13636363636363635
2 0.9204545454545454 0.7702020202020202 0.1590909090909091 0.20202020202020202