0 0.5093085106382979 0.5013297872340425 0.15691489361702127 0.07712765957446809
0 0.46808510638297873 0.44813829787234044 0.2393617021276596 0.1356382978723404
0 0.36436170212765956 0.5039893617021277 0.44680851063829785 0.07180851063829788
0 0.3696808510638298 0.3816489361702128 0.375 0.18085106382978725
2 0.39361702127659576 0.15558510638297873 0.3882978723404255 0.31117021276595747
0 0.04521276595744681 0.2859042553191489 0.09042553191489362 0.18882978723404256
0 0.09574468085106383 0.39893617021276595 0.19148936170212766 0.28191489361702127
2 0.1848404255319149 0.07313829787234043 0.17819148936170212 0.14627659574468085
0 0.8523936170212766 0.42021276595744683 0.29521276595744683 0.2393617021276596
0 0.7938829787234043 0.45611702127659576 0.4122340425531915 0.1675531914893617
2 0.44813829787234044 0.7659574468085106 0.27925531914893614 0.4521276595744681
2 0.7938829787234043 0.7699468085106383 0.4122340425531915 0.4601063829787234