0 0.2898009950248756 0.029850746268656716 0.14676616915422885 0.05970149253731343
0 0.17288557213930347 0.291044776119403 0.34577114427860695 0.1791044776119403
0 0.1691542288557214 0.43905472636815923 0.3383084577114428 0.20149253731343283
0 0.48756218905472637 0.06716417910447761 0.263681592039801 0.13432835820895522
2 0.7761194029850746 0.42412935323383083 0.2462686567164179 0.19154228855721392
2 0.7910447761194029 0.20398009950248755 0.23880597014925373 0.2736318407960199
2 0.24004975124378108 0.722636815920398 0.21144278606965175 0.3656716417910448
2 0.08582089552238806 0.7114427860696517 0.17164179104477612 0.34328358208955223
2 0.47761194029850745 0.6940298507462687 0.2835820895522388 0.30845771144278605
2 0.8097014925373134 0.6990049751243781 0.3805970149253731 0.31840796019900497
2 0.8097014925373134 0.9676616915422885 0.3805970149253731 0.06467661691542288