2 0.03787878787878788 0.08080808080808081 0.07575757575757576 0.16161616161616163
0 0.10984848484848485 0.31313131313131315 0.2196969696969697 0.3484848484848485
0 0.2702020202020202 0.06313131313131314 0.11616161616161616 0.12626262626262627
0 0.26515151515151514 0.3434343434343434 0.12626262626262627 0.3686868686868687
0 0.5189393939393939 0.04924242424242424 0.3813131313131313 0.09848484848484848
2 0.5214646464646465 0.29292929292929293 0.38636363636363635 0.4696969696969697
2 0.922979797979798 0.39141414141414144 0.15404040404040403 0.2727272727272727
2 0.12626262626262627 0.7638888888888888 0.25252525252525254 0.4722222222222222
0 0.5606060606060606 0.6755050505050505 0.46464646464646464 0.29545454545454547
0 0.5416666666666666 0.8762626262626263 0.42676767676767674 0.2474747474747475
2 0.8952020202020202 0.6199494949494949 0.20959595959595959 0.10353535353535354
2 0.8926767676767676 0.7664141414141414 0.21464646464646464 0.14393939393939395