2 0.051047120418848166 0.07460732984293193 0.10209424083769633 0.14921465968586387
2 0.5104712041884817 0.3180628272251309 0.2774869109947644 0.20157068062827224
0 0.4594240837696335 0.17408376963350786 0.3795811518324607 0.3481675392670157
2 0.7722513089005235 0.0693717277486911 0.24607329842931938 0.1387434554973822
0 0.9594240837696335 0.14267015706806283 0.08115183246073299 0.17015706806282724
2 0.24214659685863874 0.819371727748691 0.48429319371727747 0.32460732984293195
2 0.2696335078534031 0.8965968586387435 0.5392670157068062 0.20680628272251309
2 0.2198952879581152 0.5680628272251309 0.4397905759162304 0.29842931937172773
2 0.5510471204188482 0.7958115183246073 0.19633507853403143 0.4083769633507853
2 0.4986910994764398 0.5667539267015707 0.3010471204188482 0.29581151832460734
2 0.8350785340314136 0.8534031413612565 0.3298429319371728 0.2931937172774869
2 0.824607329842932 0.5772251308900523 0.3507853403141361 0.31675392670157065