0 0.22643979057591623 0.10602094240837696 0.36387434554973824 0.21204188481675393
2 0.07853403141361257 0.08769633507853403 0.15706806282722513 0.17539267015706805
0 0.10732984293193717 0.45287958115183247 0.21465968586387435 0.4083769633507853
0 0.3390052356020942 0.4280104712041885 0.2591623036649215 0.5
2 0.5929319371727748 0.14136125654450263 0.2486910994764398 0.28272251308900526
2 0.8638743455497382 0.28534031413612565 0.27225130890052357 0.5706806282722513
0 0.8219895287958116 0.6086387434554974 0.18324607329842932 0.1387434554973822
0 0.9057591623036649 0.5431937172774869 0.18848167539267016 0.2696335078534031
0 0.15575916230366493 0.8534031413612565 0.31151832460732987 0.2931937172774869
0 0.362565445026178 0.8507853403141361 0.21204188481675393 0.29842931937172773
2 0.35340314136125656 0.9515706806282722 0.193717277486911 0.0968586387434555
0 0.8952879581151832 0.8390052356020943 0.2094240837696335 0.3219895287958115
2 0.7303664921465969 0.8416230366492147 0.5235602094240838 0.31675392670157065