0 0.1407035175879397 0.28266331658291455 0.2814070351758794 0.11306532663316583
2 0.39195979899497485 0.16959798994974876 0.39195979899497485 0.3391959798994975
2 0.7587939698492462 0.19974874371859297 0.3417085427135678 0.1934673366834171
2 0.10427135678391959 0.785175879396985 0.20854271356783918 0.3341708542713568
2 0.12437185929648241 0.9459798994974874 0.24874371859296482 0.10804020100502512
0 0.07537688442211055 0.5163316582914573 0.1507537688442211 0.3542713567839196
2 0.38819095477386933 0.8341708542713567 0.39949748743718594 0.3316582914572864
0 0.32663316582914576 0.47361809045226133 0.5226130653266332 0.26884422110552764
0 0.7650753768844221 0.8693467336683417 0.3542713567839196 0.2613065326633166
0 0.7512562814070352 0.8592964824120602 0.32663316582914576 0.2814070351758794
2 0.9045226130653267 0.5276381909547738 0.19095477386934673 0.3768844221105528