0 0.3693467336683417 0.10804020100502512 0.2964824120603015 0.21608040201005024
0 0.3756281407035176 0.3128140703517588 0.28391959798994976 0.27386934673366836
2 0.11934673366834171 0.01256281407035176 0.23869346733668342 0.02512562814070352
2 0.11557788944723618 0.12185929648241206 0.23115577889447236 0.13316582914572864
0 0.6595477386934674 0.1934673366834171 0.28391959798994976 0.20603015075376885
2 0.4849246231155779 0.5603015075376885 0.06532663316582915 0.22110552763819097
0 0.4685929648241206 0.8304020100502513 0.09798994974874371 0.3391959798994975
2 0.1871859296482412 0.5603015075376885 0.3743718592964824 0.22110552763819097
0 0.23618090452261306 0.9723618090452262 0.3768844221105528 0.05527638190954774
2 0.2185929648241206 0.8932160804020101 0.4371859296482412 0.2135678391959799
0 0.7587939698492462 0.9597989949748744 0.4824120603015075 0.08040201005025126
0 0.7562814070351759 0.821608040201005 0.47738693467336685 0.27638190954773867