2 0.1015625 0.4127604166666667 0.203125 0.2734375
0 0.09635416666666667 0.17057291666666666 0.19270833333333334 0.3411458333333333
0 0.43359375 0.4856770833333333 0.2890625 0.12760416666666666
2 0.37890625 0.31640625 0.3984375 0.4661458333333333
0 0.3190104166666667 0.11848958333333333 0.5182291666666666 0.23697916666666666
0 0.71484375 0.3151041666666667 0.2734375 0.46875
2 0.7877604166666666 0.04296875 0.4192708333333333 0.0859375
0 0.23307291666666666 0.85546875 0.4661458333333333 0.2890625
2 0.4466145833333333 0.7877604166666666 0.2630208333333333 0.4244791666666667
2 0.76171875 0.7317708333333334 0.3671875 0.3645833333333333
0 0.9440104166666666 0.7096354166666666 0.11197916666666667 0.3203125