0 0.4606598984771574 0.3946700507614213 0.31725888324873097 0.21065989847715735
2 0.3489847715736041 0.44416243654822335 0.24619289340101522 0.1116751269035533
0 0.16243654822335024 0.3680203045685279 0.3248730964467005 0.2639593908629442
2 0.08248730964467005 0.3730964467005076 0.1649746192893401 0.25380710659898476
2 0.5736040609137056 0.4213197969543147 0.09137055837563451 0.15736040609137056
2 0.5888324873096447 0.05964467005076142 0.06091370558375635 0.11928934010152284
0 0.33883248730964466 0.16878172588832488 0.550761421319797 0.33756345177664976
2 0.8096446700507615 0.39086294416243655 0.38071065989847713 0.2182741116751269
2 0.8807106598984772 0.02284263959390863 0.23857868020304568 0.04568527918781726
0 0.2614213197969543 0.7296954314720813 0.5228426395939086 0.4593908629441624
2 0.8439086294416244 0.8591370558375635 0.31218274111675126 0.2817258883248731
0 0.8959390862944162 0.6928934010152284 0.20812182741116753 0.38578680203045684